347.5,0.0234
352.5,0.0192
357.5,0.0168
362.5,0.0145
367.5,0.0124
372.5,0.0114
377.5,0.0114
382.5,0.0107
387.5,0.0092
392.5,0.008
397.5,0.0071
402.5,0.0062
407.5,0.0052
412.5,0.0047
417.5,0.0046
422.5,0.0046
427.5,0.0048
432.5,0.0053
437.5,0.006
442.5,0.0071
447.5,0.0085
452.5,0.0094
457.5,0.0096
462.5,0.01
467.5,0.0104
472.5,0.0111
477.5,0.0122
482.5,0.0133
487.5,0.0144
492.5,0.0163
497.5,0.0191
502.5,0.0234
507.5,0.0295
512.5,0.0346
517.5,0.0388
522.5,0.0415
527.5,0.0428
532.5,0.0444
537.5,0.0464
542.5,0.0497
547.5,0.0542
552.5,0.0578
557.5,0.0605
562.5,0.0638
567,0.0676
572,0.0745
577,0.0846
582,0.101
587,0.1237
592,0.1569
597,0.2006
602,0.2329
607,0.2539
612,0.2672
617,0.2727
622,0.2795
627,0.2876
632,0.2982
637,0.3114
642,0.3235
647,0.3345
652,0.3575
657,0.3925
662,0.4173
667,0.4317
672,0.4455
677,0.4585
682,0.4778
687,0.5032
692,0.543
697,0.597
702,0.6747
707,0.7762
712,0.928
717,1.13
725,1.515
735,2.0895
745,2.425
755,2.51
765,2.53
775,2.435
785,2.26
795,2.115
