347.5,0.0069375
352.5,0.006525
357.5,0.006175
362.5,0.005825
367.5,0.005475
372.5,0.0051512
377.5,0.0048538
382.5,0.0045745
387.5,0.0043262
392.5,0.0040944
397.5,0.0038778
402.5,0.0036752
407.5,0.0034855
412.5,0.0033078
417.5,0.0031412
422.5,0.0029848
427.5,0.002838
432.5,0.0027
437.5,0.0025702
442.5,0.002448
447.5,0.002333
452.5,0.0022246
457.5,0.0021223
462.5,0.0020258
467.5,0.0019347
472.5,0.0018486
477.5,0.0017672
482.5,0.0016902
487.5,0.0016173
492.5,0.0015482
497.5,0.0014828
502.5,0.0014208
507.5,0.0013619
512.5,0.0013061
517.5,0.001253
522.5,0.0012026
527.5,0.0011546
532.5,0.001109
537.5,0.0010657
542.5,0.0010244
547.5,0.0009851
552.5,0.00094763
557.5,0.0009119
562.5,0.00087783
567.5,0.00084532
572.5,0.0008143
577.5,0.00078468
582.5,0.00075637
587.5,0.00072933
592.5,0.00070348
597.5,0.00067873
602.5,0.00065507
607.5,0.00063243
612.5,0.00061073
617.5,0.00058997
622.5,0.00057005
627.5,0.00055097
632.5,0.0005327
637.5,0.00051515
642.5,0.00049832
647.5,0.00048216
652.5,0.00046665
657.5,0.00045174
662.5,0.00043743
667.5,0.00042368
672.5,0.00041045
677.5,0.00039774
682.5,0.00038551
687.5,0.00037374
692.5,0.00036242
697.5,0.00035151
702.5,0.00034102
707.5,0.0003309
712.5,0.00032116
717.5,0.00031177
725,0.00029832
735,0.00028147
745,0.0002658
755,0.0002512
765,0.00023757
775,0.00022485
785,0.00021296
795,0.00020185
