200,0.7729
201,0.8143
202,0.8756
203,0.9263
204,1.0335
205,1.1149
206,1.1211
207,1.2612
208,1.4234
209,1.8649
210,2.6086
211,3.1691
212,3.6546
213,3.2686
214,3.9173
215,4.1547
216,3.6727
217,3.4271
218,4.4310
219,4.8102
220,5.2357
221,4.4184
222,4.6071
223,5.8757
224,6.5434
225,5.8518
226,4.8383
227,3.7133
228,4.8623
229,5.1910
230,4.9129
231,5.3219
232,5.2643
233,4.9850
234,4.1005
235,4.4219
236,5.0918
237,4.9713
238,4.5061
239,4.4619
240,4.2001
241,4.0779
242,6.1308
243,6.8252
244,6.5225
245,5.8086
246,4.8759
247,5.1621
248,5.0781
249,4.4394
250,6.0526
251,5.3315
252,4.1495
253,4.4390
254,5.4323
255,6.5478
256,8.7726
257,11.5536
258,12.7267
259,12.1297
260,9.1178
261,8.3228
262,9.9192
263,10.6358
264,22.0550
265,24.3190
266,26.1627
267,24.8249
268,25.4000
269,24.3896
270,26.1077
271,26.6706
272,19.8923
273,22.4371
274,16.2256
275,14.3821
276,22.0331
277,25.6895
278,20.4415
279,12.9641
280,7.8507
281,14.1653
282,25.7561
283,31.3243
284,30.2829
285,17.2074
286,23.5322
287,35.7694
288,30.8582
289,38.4493
290,54.6911
291,60.3250
292,55.7745
293,52.9617
294,52.2822
295,51.8140
296,56.8747
297,45.9673
298,52.0099
299,47.0615
300,44.7884
301,45.0029
302,43.2045
303,59.1225
304,60.9224
305,63.5697
306,56.6424
307,60.5869
308,64.1993
309,58.7443
310,51.2253
311,76.7168
312,70.8657
313,71.0850
314,72.5624
315,67.5840
316,58.7855
317,75.1921
318,72.0584
319,69.7171
320,77.5506
321,76.0847
322,72.8695
323,65.7427
324,73.9640
325,81.9931
326,99.2762
327,100.0005
328,94.2425
329,104.4014
330,114.2425
331,100.0753
332,100.9128
333,99.7632
334,96.1177
335,102.8247
336,94.0672
337,86.0588
338,95.6570
339,100.7112
340,107.8918
341,99.7680
342,100.0280
343,107.4912
344,88.4986
345,94.5337
346,97.5903
347,97.7781
348,97.4893
349,99.2312
350,102.1845
351,106.9534
352,102.4224
353,103.8182
354,115.1331
355,116.2231
356,106.9614
357,94.4805
358,85.1915
359,94.5382
360,104.2361
361,102.3375
362,102.0786
363,108.2211
364,110.3075
365,114.9705
366,126.7642
367,129.1574
368,122.7202
369,124.6351
370,127.6675
371,123.9090
372,117.7260
373,106.9786
374,98.9967
375,102.6560
376,111.1300
377,122.4881
378,132.1481
379,126.8038
380,117.1379
381,119.1183
382,98.6414
383,77.7508
384,83.7168
385,103.6765
386,103.7877
387,106.1321
388,103.8735
389,112.0173
390,123.0662
391,130.5740
392,116.7609
393,86.6983
394,85.5825
395,114.6602
396,112.3865
397,92.3792
398,127.7901
399,164.2112
400,173.9175
401,179.9505
402,187.8788
403,184.0997
404,179.5510
405,174.7511
406,168.2228
407,167.6837
408,169.5256
409,171.3676
410,164.8552
411,161.3047
412,167.2800
413,173.2553
414,176.8827
415,176.2602
416,176.9299
417,177.6546
418,171.7386
419,174.7424
420,171.6707
421,182.1257
422,176.8526
423,169.3823
424,173.8517
425,173.0997
426,172.9279
427,167.3737
428,165.2104
429,156.5638
430,136.0554
431,138.1726
432,160.9494
433,168.1405
434,163.9019
435,166.0801
436,179.3276
437,182.7229
438,172.2201
439,169.4693
440,182.4854
441,184.8831
442,195.3449
443,195.4065
444,195.8163
445,194.5827
446,187.5384
447,196.6405
448,201.9081
449,202.6963
450,209.1292
451,213.7500
452,208.1935
453,200.2610
454,201.7056
455,206.7894
456,209.4513
457,212.5690
458,209.5787
459,204.8213
460,205.4867
461,209.0505
462,211.2887
463,211.6536
464,206.5700
465,202.0209
466,205.3134
467,198.1586
468,202.7761
469,203.9427
470,198.5710
471,199.1433
472,208.1841
473,205.8258
474,208.2506
475,210.0244
476,206.9143
477,208.9464
478,210.9039
479,210.4434
480,209.4617
481,209.3894
482,208.8985
483,206.2378
484,203.2963
485,193.7352
486,177.2775
487,177.2815
488,191.6056
489,195.2197
490,202.6040
491,200.4537
492,192.1941
493,196.0569
494,197.3622
495,203.3885
496,198.1973
497,200.7280
498,194.6241
499,193.6585
500,193.3927
501,186.3672
502,186.5584
503,193.8414
504,190.4500
505,195.7789
506,201.3982
507,200.0117
508,196.7818
509,193.5519
510,189.8667
511,191.6910
512,191.9495
513,188.0511
514,184.1112
515,184.9838
516,179.1271
517,167.2606
518,165.1387
519,173.8885
520,181.2979
521,184.2943
522,184.0998
523,183.0593
524,187.4623
525,189.6266
526,180.9238
527,171.6971
528,180.9562
529,188.7691
530,189.2088
531,191.4176
532,190.0784
533,187.2187
534,185.3448
535,188.0529
536,191.7213
537,184.5625
538,188.0058
539,186.4940
540,180.5457
541,179.4004
542,185.8096
543,184.6886
544,187.8125
545,187.8477
546,188.2076
547,187.4079
548,183.8219
549,188.4422
550,187.9380
551,186.1380
552,188.8677
553,185.0694
554,187.5787
555,188.2640
556,185.2217
557,180.2616
558,180.7681
559,174.4613
560,176.7558
561,182.1726
562,178.6589
563,178.9062
564,179.6042
565,179.3630
566,175.8014
567,180.6884
568,179.6733
569,178.5404
570,178.3836
571,173.8156
572,181.3953
573,183.9358
574,183.7092
575,180.1426
576,179.0832
577,181.2115
578,177.9172
579,177.7455
580,179.8240
581,179.9754
582,181.9842
583,182.5414
584,182.2165
585,179.1713
586,175.8945
587,179.2789
588,178.2782
589,164.0227
590,169.3471
591,175.2490
592,177.1706
593,175.8417
594,177.2511
595,175.6892
596,176.2452
597,177.4955
598,175.0187
599,174.7732
600,174.2798
601,172.1113
602,170.0276
603,173.7048
604,175.2173
605,174.7406
606,172.9503
607,173.2874
608,170.9417
609,169.8995
610,168.6835
611,169.7637
612,168.8430
613,167.8480
614,164.4730
615,166.9343
616,161.9277
617,160.7919
618,165.8678
619,165.9136
620,167.4744
621,168.2361
622,165.6631
623,165.3515
624,163.7322
625,162.3338
626,162.9705
627,166.8438
628,167.2995
629,166.4392
630,164.3186
631,163.2936
632,161.8981
633,163.6717
634,162.4833
635,163.0400
636,162.5614
637,163.1192
638,164.4896
639,162.6571
640,160.0146
641,159.0325
642,159.4005
643,159.9389
644,159.6705
645,158.9418
646,158.2462
647,158.8836
648,159.4361
649,155.5791
650,157.0380
651,160.0784
652,158.7161
653,157.0009
654,155.4204
655,151.1677
656,131.8080
657,139.5008
658,151.1843
659,152.4950
660,153.9885
661,154.5638
662,155.7542
663,153.0982
664,152.0995
665,153.5771
666,152.7591
667,151.7730
668,151.8752
669,152.8610
670,151.6040
671,151.1480
672,150.2753
673,149.7434
674,149.0964
675,148.7164
676,148.6275
677,148.5014
678,148.1649
679,147.8452
680,147.6744
681,147.4890
682,147.1602
683,146.4849
684,145.3727
685,144.7716
686,145.4436
687,146.1147
688,146.2475
689,146.8140
690,147.4878
691,146.9918
692,145.8892
693,145.8611
694,146.0565
695,144.4207
696,145.2476
697,144.7404
698,142.9924
699,145.5932
700,144.2873
701,142.4417
702,142.2442
703,142.8973
704,143.8637
705,144.0974
706,142.5779
707,141.8800
708,141.1850
709,139.6457
710,140.1802
711,138.7109
712,137.4872
713,137.3325
714,137.8609
715,136.3918
716,136.9119
717,137.2737
718,136.3284
719,134.3983
720,135.3523
721,135.1599
722,135.1120
723,135.1287
724,135.2980
725,134.4411
726,133.9774
727,134.0847
728,132.4447
729,130.4500
730,132.3005
731,132.6305
732,132.7419
733,131.9100
734,133.0470
735,131.5271
736,130.3258
737,130.4401
738,129.3160
739,126.4679
740,127.3076
741,126.0212
742,126.3101
743,128.3019
744,128.4078
745,128.5855
746,128.7076
747,128.8159
748,128.8251
749,126.9342
750,126.6828
751,125.5653
752,126.6074
753,126.0953
754,127.2514
755,126.9273
756,126.7154
757,127.1472
758,126.3797
759,126.0082
760,126.2422
761,124.8067
762,123.9620
763,125.3265
764,125.8154
765,124.9576
766,119.7112
767,122.7730
768,124.0768
769,122.7916
770,122.5647
771,122.4586
772,122.0045
773,121.4810
774,120.3110
775,119.1409
776,117.9709
777,116.8009
778,116.1820
779,116.9842
780,116.0260
781,116.3672
782,117.0778
783,115.4421
784,114.7294
785,115.6207
786,115.6954
787,115.4666
788,115.1784
789,115.3569
790,115.5575
791,114.3628
792,113.3231
793,111.3802
794,110.2913
795,112.2890
796,113.6479
797,113.3780
798,113.2324
799,112.4912
800,111.6505
801,112.2406
802,112.1600
803,111.8480
804,111.8622
805,110.2157
806,111.5630
807,110.9403
808,110.5791
809,109.8268
810,109.7128
811,110.7341
812,111.0469
813,111.3856
814,110.7991
815,110.3699
816,110.0527
817,109.5768
818,108.0574
819,106.5751
820,106.0023
821,106.2137
822,106.1742
823,107.2961
824,106.9937
825,106.6414
826,106.8718
827,107.1828
828,106.3589
829,105.9973
830,105.4449
831,105.0699
832,105.0299
833,102.5549
834,101.9341
835,103.5813
836,104.3926
837,104.1579
838,102.2849
839,102.3736
840,103.8488
841,103.6119
842,101.6771
843,100.1645
844,100.2452
845,102.3268
846,102.6124
847,100.3624
848,100.3085
849,97.9005
850,91.6749
851,97.4857
852,96.6970
853,93.0781
854,81.7941
855,88.8095
856,96.9572
857,96.5676
858,97.5663
859,97.1492
860,97.7243
861,97.6180
862,99.2367
863,100.0901
864,99.4924
865,95.9955
866,83.9762
867,91.5352
868,97.4054
869,95.4836
870,97.0437
871,95.7829
872,96.3124
873,96.5406
874,94.0428
875,93.4788
876,94.7310
877,96.8270
878,96.1510
879,95.3738
880,95.4445
881,91.0147
882,94.8448
883,93.1560
884,93.8040
885,94.6414
886,91.4806
887,90.2360
888,93.0988
889,93.1611
890,93.2940
891,92.9495
892,91.9277
893,90.1202
894,91.9511
895,89.6410
896,92.5238
897,90.8465
898,90.9707
899,90.9900
900,88.9179
901,86.9414
902,85.0600
903,89.1928
904,90.5340
905,90.4517
906,88.2500
907,88.6610
908,87.9074
909,86.5397
910,87.1690
911,87.2290
912,86.3830
913,89.0714
914,88.3873
915,86.8530
916,87.7710
917,86.3723
918,86.2205
919,87.0749
920,86.2249
921,84.1896
922,83.9450
923,80.7617
924,83.7240
925,84.4681
926,81.9480
927,84.9585
928,85.6077
929,84.5113
930,84.5634
931,84.8668
932,84.2737
933,84.6221
934,84.4660
935,83.4172
936,82.8378
937,83.6013
938,83.3890
939,82.9647
940,82.5864
941,79.8520
942,78.7181
943,82.0483
944,80.4205
945,81.1690
946,81.5189
947,81.4967
948,81.8151
949,81.8152
950,81.4050
951,80.4676
952,80.8227
953,80.4620
954,79.2672
955,75.0368
956,79.3550
957,78.9527
958,79.4948
959,79.9532
960,79.0793
961,78.7240
962,78.8890
963,78.0695
964,77.8099
965,78.1989
966,76.7330
967,78.1507
968,77.3603
969,77.5592
970,77.8155
971,77.0647
972,77.5301
973,76.9975
974,75.8186
975,76.3918
976,76.6076
977,75.4218
978,76.4039
979,74.9250
980,75.6145
981,75.9742
982,75.8885
983,75.3418
984,74.9162
985,75.1396
986,74.6520
987,74.3264
988,74.4698
989,73.4340
990,73.7310
991,73.9816
992,73.8183
993,73.8375
994,73.8498
995,73.5558
996,73.4562
997,73.4906
998,73.3130
999,72.9670
1000,72.6410
1001,72.9310
1002,72.8340
1003,72.0152
1004,71.2324
1005,67.0612
1006,69.7404
1007,71.4110
1008,71.6425
1009,71.3528
1010,71.4960
1011,71.1064
1012,70.9928
1013,70.6988
1014,70.8516
1015,69.8150
1016,69.9655
1017,69.5225
1018,70.0201
1019,68.4620
1020,68.9267
1021,69.4313
1022,68.4150
1023,69.6189
1024,69.3525
1025,69.2119
1026,69.2040
1027,68.8845
1028,68.9964
1029,68.0477
1030,68.4444
1031,68.1834
1032,68.1305
1033,66.7903
1034,67.1795
1035,66.6678
1036,67.5822
1037,66.5718
1038,66.3312
1039,67.1002
1040,66.3121
1041,66.7362
1042,66.6692
1043,65.9336
1044,66.4418
1045,66.0967
1046,64.5808
1047,65.3912
1048,65.9920
1049,65.8114
1050,65.4736
1051,65.4849
1052,65.2404
1053,64.9859
1054,64.8140
1055,65.1528
1056,65.0654
1057,64.9815
1058,64.2836
1059,62.7207
1060,64.1340
1061,62.8860
1062,64.1721
1063,63.3737
1064,64.1100
1065,64.0637
1066,62.6218
1067,62.9060
1068,62.9931
1069,59.7325
1070,61.6440
1071,62.7332
1072,62.9764
1073,61.2767
1074,62.7620
1075,60.9664
1076,62.1825
1077,62.4401
1078,62.3222
1079,60.6585
1080,62.2505
1081,60.6356
1082,60.0510
1083,59.3010
1084,61.2828
1085,61.2139
1086,61.4748
1087,58.3734
1088,60.3173
1089,59.6105
1090,60.6153
1091,60.8621
1092,59.9155
1093,59.3049
1094,55.1437
1095,58.0533
1096,58.3900
1097,58.0990
1098,57.6530
1099,58.1713
1100,59.2037
1101,58.8549
1102,57.2521
1103,58.6748
1104,58.6490
1105,58.5332
1106,58.4677
1107,58.1458
1108,58.1047
1109,58.0421
1110,58.1330
1111,57.7792
1112,57.2013
1113,57.0225
1114,57.5017
1115,57.3554
1116,57.0520
1117,57.5763
1118,57.2842
1119,56.1296
1120,56.2313
1121,56.4126
1122,56.7600
1123,56.6140
1124,56.5647
1125,55.2665
1126,54.4560
1127,55.9572
1128,55.3700
1129,55.2797
1130,54.7156
1131,55.3715
1132,55.3845
1133,54.6047
1134,54.5913
1135,55.2084
1136,54.8184
1137,54.9499
1138,53.6386
1139,53.8947
1140,53.8467
1141,53.2385
1142,54.0017
1143,53.8628
1144,53.5311
1145,53.8147
1146,54.2300
1147,54.2944
1148,53.9266
1149,53.7185
1150,53.6014
1151,53.5939
1152,53.1650
1153,53.2720
1154,53.5407
1155,53.4300
1156,52.9325
1157,53.1366
1158,53.0501
1159,52.0885
1160,51.7425
1161,50.8819
1162,51.8729
1163,52.4043
1164,51.4871
1165,51.9637
1166,51.2340
1167,51.6370
1168,52.0033
1169,50.7268
1170,51.3220
1171,51.7970
1172,51.7623
1173,51.5503
1174,51.5946
1175,50.4206
1176,50.1315
1177,51.0667
1178,50.2369
1179,50.4745
1180,51.1261
1181,50.7540
1182,50.6491
1183,48.3489
1184,49.9379
1185,50.4295
1186,50.4420
1187,50.4069
1188,49.4215
1189,47.7898
1190,49.5352
1191,50.2447
1192,50.0593
1193,49.8876
1194,49.9298
1195,49.4072
1196,49.1737
1197,48.5704
1198,47.6154
1199,46.5748
1200,48.4053
1201,49.2084
1202,49.1743
1203,47.3960
1204,47.2021
1205,48.6071
1206,48.5194
1207,48.7590
1208,47.0119
1209,45.8909
1210,47.6571
1211,47.0054
1212,47.9164
1213,48.0080
1214,47.9098
1215,47.9968
1216,47.9013
1217,47.8085
1218,47.6424
1219,47.3915
1220,47.4801
1221,47.4140
1222,47.2260
1223,46.9608
1224,47.1753
1225,46.9658
1226,46.9344
1227,45.9656
1228,46.2199
1229,46.7387
1230,46.5221
1231,46.3902
1232,46.0719
1233,46.1618
1234,46.0445
1235,45.8359
1236,46.0120
1237,45.9949
1238,45.9534
1239,45.5330
1240,45.2412
1241,45.6870
1242,45.3172
1243,44.7929
1244,44.9160
1245,45.3891
1246,45.0841
1247,44.9478
1248,45.0986
1249,45.1464
1250,45.0060
1251,44.7706
1252,44.3230
1253,44.4619
1254,44.5680
1255,44.5156
1256,44.3494
1257,44.2139
1258,44.2939
1259,44.2098
1260,44.3945
1261,44.2520
1262,43.8853
1263,44.2821
1264,43.8351
1265,43.7170
1266,44.0054
1267,43.6101
1268,43.2171
1269,43.4230
1270,43.7620
1271,43.7528
1272,43.6066
1273,43.4814
1274,43.1955
1275,43.3179
1276,43.3830
1277,43.3096
1278,43.1543
1279,42.8485
1280,42.5060
1281,41.1817
1282,37.5803
1283,39.7593
1284,41.7626
1285,42.0869
1286,42.2032
1287,42.4340
1288,42.2520
1289,42.2958
1290,41.8036
1291,41.8512
1292,42.1635
1293,42.1597
1294,41.7520
1295,42.0480
1296,42.0919
1297,41.8892
1298,41.4955
1299,41.8896
1300,41.7714
1301,41.5862
1302,41.2939
1303,41.0527
1304,40.9650
1305,41.2840
1306,41.3016
1307,41.1679
1308,41.0139
1309,41.0434
1310,40.8255
1311,40.7271
1312,40.1199
1313,39.4845
1314,40.4698
1315,39.4396
1316,39.5289
1317,40.4090
1318,39.9450
1319,40.3675
1320,40.2426
1321,39.9580
1322,39.9519
1323,39.9708
1324,39.9987
1325,39.8983
1326,39.6994
1327,39.4731
1328,39.5728
1329,38.6096
1330,39.1470
1331,39.4280
1332,38.6980
1333,39.2317
1334,39.4479
1335,39.2823
1336,39.1431
1337,39.1848
1338,38.9727
1339,38.4513
1340,38.4177
1341,38.8378
1342,38.7171
1343,38.7070
1344,38.7475
1345,38.7171
1346,38.4028
1347,38.5036
1348,38.5068
1349,38.3498
1350,37.9120
1351,38.0410
1352,38.3056
1353,38.2180
1354,38.0731
1355,37.6044
1356,37.5241
1357,37.2736
1358,37.7279
1359,37.5597
1360,37.2432
1361,37.6534
1362,37.5514
1363,36.9936
1364,37.2759
1365,37.3280
1366,37.2794
1367,36.9607
1368,37.0218
1369,36.6355
1370,36.6287
1371,36.5939
1372,36.9105
1373,36.9866
1374,36.8220
1375,36.4619
1376,36.1382
1377,36.4482
1378,36.4630
1379,36.6803
1380,36.4773
1381,36.5018
1382,36.0725
1383,36.1260
1384,36.3378
1385,36.0761
1386,36.1380
1387,35.9942
1388,36.1037
1389,36.1443
1390,35.6430
1391,35.9818
1392,35.9323
1393,35.7797
1394,35.6010
1395,35.4862
1396,35.5833
1397,35.6630
1398,35.6669
1399,35.5298
1400,34.7579
1401,34.8790
1402,35.2223
1403,34.9661
1404,34.9820
1405,34.9556
1406,35.0273
1407,34.9161
1408,34.9268
1409,34.9900
1410,34.9340
1411,34.4204
1412,33.9516
1413,34.2162
1414,34.4325
1415,34.5591
1416,34.4225
1417,34.4830
1418,34.5258
1419,34.2486
1420,34.0943
1421,34.0677
1422,33.6058
1423,33.6640
1424,33.6322
1425,33.7256
1426,33.2279
1427,33.3668
1428,33.5806
1429,33.0560
1430,33.2230
1431,33.3669
1432,33.7443
1433,33.7584
1434,33.4175
1435,33.5957
1436,33.5360
1437,33.5970
1438,33.5157
1439,33.5704
1440,32.2082
1441,32.3773
1442,32.5788
1443,32.4860
1444,32.6162
1445,32.7693
1446,32.9375
1447,32.6209
1448,32.9260
1449,32.9087
1450,32.5757
1451,32.1012
1452,32.2218
1453,32.4214
1454,32.0699
1455,31.9393
1456,31.9423
1457,32.1497
1458,32.3989
1459,32.4800
1460,32.2085
1461,32.1606
1462,31.8808
1463,31.7080
1464,31.7588
1465,31.8022
1466,31.6383
1467,31.9895
1468,31.6040
1469,31.9012
1470,31.6062
1471,31.2480
1472,31.3303
1473,31.0394
1474,30.6596
1475,30.9473
1476,30.9520
1477,30.9360
1478,30.8164
1479,31.1481
1480,31.2807
1481,30.9052
1482,31.0390
1483,30.5732
1484,30.8710
1485,31.2470
1486,30.9047
1487,30.4415
1488,28.1430
1489,29.9084
1490,30.8615
1491,30.7768
1492,30.6135
1493,30.7802
1494,30.8693
1495,30.6909
1496,29.9080
1497,30.1190
1498,30.3712
1499,30.1909
1500,30.4638
1501,30.4315
1502,29.5823
1503,28.0524
1504,28.5246
1505,27.5871
1506,28.7062
1507,29.7271
1508,29.3929
1509,29.3555
1510,29.9238
1511,29.9633
1512,29.4567
1513,29.1960
1514,29.1827
1515,29.3794
1516,29.2519
1517,29.1473
1518,29.3917
1519,29.1590
1520,29.2590
1521,28.8108
1522,28.6128
1523,28.8300
1524,28.8410
1525,28.6446
1526,29.0485
1527,28.9609
1528,29.0210
1529,28.5499
1530,27.6261
1531,28.4773
1532,28.6640
1533,28.4130
1534,28.0367
1535,28.2053
1536,28.4654
1537,28.4076
1538,27.9483
1539,27.8977
1540,27.4525
1541,27.7123
1542,27.8840
1543,27.9753
1544,28.1380
1545,28.1620
1546,28.1145
1547,27.6665
1548,27.2644
1549,27.5440
1550,27.3529
1551,27.4803
1552,27.7426
1553,27.4210
1554,26.9810
1555,27.0746
1556,26.9550
1557,27.2727
1558,27.2475
1559,27.0809
1560,27.0935
1561,27.4383
1562,27.3192
1563,27.0392
1564,26.9709
1565,27.1519
1566,26.7813
1567,26.7589
1568,26.5764
1569,26.5025
1570,26.6466
1571,27.0046
1572,26.9238
1573,26.7777
1574,26.3727
1575,25.4688
1576,25.7059
1577,24.5565
1578,25.4911
1579,26.3976
1580,26.5619
1581,26.5520
1582,25.6827
1583,25.7061
1584,25.8003
1585,26.1641
1586,26.0410
1587,25.7228
1588,25.1067
1589,23.7622
1590,24.1007
1591,24.5624
1592,25.5016
1593,26.0340
1594,26.0759
1595,26.0542
1596,25.0946
1597,25.3241
1598,26.0436
1599,25.6308
1600,25.5480
1601,25.0952
1602,25.2223
1603,25.3398
1604,25.2910
1605,25.1348
1606,25.0112
1607,24.9078
1608,25.2653
1609,24.9042
1610,23.8670
1611,24.2206
1612,24.4695
1613,24.7420
1614,24.7239
1615,24.4906
1616,23.7001
1617,23.9961
1618,24.5992
1619,24.5765
1620,23.8543
1621,23.7178
1622,24.1904
1623,24.5856
1624,24.6249
1625,24.3480
1626,24.4425
1627,24.5392
1628,24.6470
1629,24.4996
1630,24.2164
1631,24.2969
1632,24.2292
1633,23.8948
1634,23.7120
1635,24.0355
1636,23.7918
1637,23.2034
1638,22.8170
1639,22.4925
1640,22.7610
1641,22.5825
1642,22.6486
1643,22.9699
1644,22.8097
1645,22.7772
1646,23.0883
1647,23.1861
1648,23.1318
1649,22.8411
1650,23.0105
1651,22.8403
1652,23.0282
1653,23.0252
1654,23.0500
1655,22.9624
1656,23.1038
1657,23.1110
1658,23.0704
1659,22.8874
1660,22.9911
1661,23.1348
1662,23.0061
1663,22.8378
1664,22.7715
1665,22.6250
1666,22.4896
1667,22.4918
1668,22.1527
1669,22.2696
1670,22.5910
1671,22.3707
1672,21.6938
1673,21.8126
1674,22.1371
1675,21.7897
1676,21.5539
1677,21.7840
1678,21.7525
1679,21.4539
1680,20.8197
1681,20.2038
1682,20.5456
1683,21.1112
1684,21.4480
1685,21.5714
1686,21.4718
1687,21.4729
1688,21.5290
1689,21.3322
1690,21.3454
1691,21.6158
1692,21.6443
1693,21.6070
1694,21.5516
1695,21.5376
1696,21.4659
1697,21.3831
1698,21.3869
1699,21.3037
1700,21.0843
1701,20.9790
1702,20.9380
1703,20.7980
1704,20.9694
1705,21.0550
1706,20.9039
1707,20.6906
1708,20.4378
1709,20.6025
1710,20.6920
1711,19.9682
1712,20.1548
1713,20.8042
1714,20.8284
1715,20.8077
1716,20.6495
1717,20.5690
1718,20.5305
1719,20.5163
1720,20.3524
1721,20.2272
1722,20.2428
1723,19.7353
1724,19.8823
1725,20.1652
1726,20.1489
1727,20.1656
1728,19.9341
1729,20.0342
1730,20.1239
1731,20.0070
1732,19.6377
1733,18.9267
1734,18.9330
1735,18.9247
1736,18.3769
1737,18.2699
1738,18.8931
1739,19.2464
1740,19.3656
1741,19.2330
1742,19.3469
1743,19.4641
1744,19.5314
1745,19.2830
1746,19.0959
1747,18.9940
1748,19.2572
1749,19.3452
1750,19.0986
1751,19.0108
1752,19.0741
1753,19.1615
1754,19.2063
1755,19.0660
1756,19.1353
1757,19.1715
1758,19.0645
1759,19.0396
1760,18.9511
1761,18.7310
1762,18.4202
1763,18.5409
1764,18.6098
1765,18.6669
1766,18.7249
1767,18.5885
1768,18.5126
1769,18.5270
1770,18.3731
1771,18.3388
1772,18.4287
1773,18.4595
1774,18.3949
1775,18.2465
1776,18.1002
1777,17.8696
1778,17.9076
1779,17.9980
1780,18.0053
1781,18.0590
1782,17.9061
1783,17.8510
1784,17.8104
1785,17.7212
1786,17.8480
1787,17.9781
1788,17.9564
1789,17.8663
1790,17.8132
1791,17.7914
1792,17.7162
1793,17.6687
1794,17.6131
1795,17.6473
1796,17.6448
1797,17.5685
1798,17.6065
1799,17.6617
1800,17.5596
1801,17.3857
1802,17.2142
1803,17.1961
1804,17.3996
1805,17.4352
1806,17.3322
1807,17.2553
1808,17.2583
1809,17.2682
1810,17.2403
1811,17.1799
1812,17.0712
1813,17.0403
1814,16.9023
1815,16.6930
1816,16.4091
1817,15.7542
1818,15.3227
1819,15.8409
1820,16.3460
1821,16.4493
1822,16.3005
1823,16.3973
1824,16.6957
1825,16.7275
1826,16.7255
1827,16.7394
1828,16.5885
1829,16.4665
1830,16.5958
1831,16.6440
1832,16.4910
1833,16.3266
1834,16.4670
1835,16.4642
1836,16.4233
1837,16.3490
1838,16.2076
1839,16.2612
1840,16.2430
1841,16.2742
1842,15.9996
1843,15.8336
1844,16.0300
1845,16.0970
1846,15.9646
1847,15.4934
1848,15.6327
1849,15.9997
1850,16.1089
1851,16.1328
1852,15.9996
1853,15.8455
1854,15.9363
1855,15.8490
1856,15.6594
1857,15.8617
1858,15.8999
1859,15.6923
1860,15.5721
1861,15.5678
1862,15.5493
1863,15.5669
1864,15.5520
1865,15.5276
1866,15.3436
1867,15.1908
1868,15.2855
1869,15.4350
1870,15.4454
1871,15.3163
1872,15.0380
1873,14.7692
1874,14.4024
1875,13.2643
1876,13.0500
1877,14.1754
1878,14.7919
1879,14.9218
1880,14.9287
1881,15.0838
1882,15.1285
1883,15.1053
1884,15.0670
1885,14.8877
1886,14.7599
1887,14.9463
1888,15.0297
1889,14.9037
1890,14.6900
1891,14.7090
1892,14.5841
1893,14.3929
1894,14.4878
1895,14.4618
1896,14.2080
1897,14.2477
1898,14.4709
1899,14.4197
1900,14.4693
1901,14.6383
1902,14.6223
1903,14.4049
1904,14.3166
1905,14.3852
1906,14.3987
1907,14.3545
1908,14.2482
1909,14.2907
1910,14.3141
1911,14.1279
1912,14.0032
1913,14.1437
1914,14.2260
1915,14.1736
1916,14.1078
1917,14.1105
1918,14.0685
1919,13.9246
1920,13.8321
1921,13.9776
1922,14.0598
1923,13.9556
1924,13.9233
1925,13.9773
1926,13.9651
1927,13.8732
1928,13.6972
1929,13.5391
1930,13.5880
1931,13.5697
1932,13.4826
1933,13.4815
1934,13.5986
1935,13.6267
1936,13.6413
1937,13.6896
1938,13.5694
1939,13.2812
1940,13.2937
1941,13.4384
1942,13.2928
1943,12.8835
1944,12.2963
1945,11.8898
1946,12.1906
1947,12.8070
1948,13.1044
1949,13.1276
1950,12.9894
1951,12.7992
1952,12.9355
1953,13.2577
1954,13.3311
1955,13.2917
1956,13.2356
1957,13.2204
1958,13.2073
1959,13.1611
1960,13.1273
1961,13.0725
1962,12.9327
1963,12.7676
1964,12.7340
1965,12.8346
1966,12.8397
1967,12.8784
1968,12.9322
1969,12.8945
1970,12.8893
1971,12.8364
1972,12.5730
1973,12.3672
1974,12.4855
1975,12.6382
1976,12.6561
1977,12.5122
1978,12.2958
1979,12.3043
1980,12.3566
1981,12.3632
1982,12.4386
1983,12.4448
1984,12.3633
1985,12.2441
1986,12.1412
1987,12.1955
1988,12.3467
1989,12.3939
1990,12.3720
1991,12.3250
1992,12.1912
1993,12.0089
1994,11.9944
1995,12.1330
1996,12.1465
1997,12.0091
1998,11.9690
1999,12.0680
2000,12.1120
2001,12.0905
2002,12.0170
2003,11.9065
2004,11.8889
2005,11.8864
2006,11.8719
2007,11.9332
2008,11.9556
2009,11.9230
2010,11.8999
2011,11.8758
2012,11.8526
2013,11.8210
2014,11.7797
2015,11.7770
2016,11.7722
2017,11.7451
2018,11.7342
2019,11.7028
2020,11.5369
2021,11.3763
2022,11.4352
2023,11.5519
2024,11.5351
2025,11.5021
2026,11.5154
2027,11.5101
2028,11.4509
2029,11.3280
2030,11.2116
2031,11.2394
2032,11.3621
2033,11.4092
2034,11.2965
2035,11.1650
2036,11.2312
2037,11.2249
2038,11.0334
2039,11.0581
2040,11.2279
2041,11.2231
2042,11.1977
2043,11.2194
2044,11.2202
2045,11.2049
2046,11.1848
2047,11.1372
2048,11.1056
2049,11.1061
2050,11.0789
2051,11.0280
2052,10.9539
2053,10.9158
2054,10.9495
2055,10.9753
2056,10.9665
2057,10.9396
2058,10.9008
2059,10.8721
2060,10.7796
2061,10.7033
2062,10.7405
2063,10.6149
2064,10.5287
2065,10.6858
2066,10.7777
2067,10.7478
2068,10.7155
2069,10.6650
2070,10.5571
2071,10.5307
2072,10.5990
2073,10.6388
2074,10.6582
2075,10.6452
2076,10.6225
2077,10.5987
2078,10.5598
2079,10.4790
2080,10.4188
2081,10.4236
2082,10.4133
2083,10.3396
2084,10.3094
2085,10.3640
2086,10.3994
2087,10.3950
2088,10.3782
2089,10.3618
2090,10.3323
2091,10.2286
2092,10.0808
2093,10.0751
2094,10.1234
2095,10.0986
2096,10.1000
2097,10.1376
2098,10.1437
2099,10.1379
2100,10.1295
2101,10.1245
2102,10.1013
2103,10.0751
2104,10.0819
2105,10.1058
2106,10.0967
2107,10.0741
2108,10.0313
2109,9.9377
2110,9.8940
2111,9.9360
2112,9.9541
2113,9.9336
2114,9.9268
2115,9.9071
2116,9.8099
2117,9.7527
2118,9.7869
2119,9.7764
2120,9.7358
2121,9.7332
2122,9.7255
2123,9.6686
2124,9.6129
2125,9.6202
2126,9.6250
2127,9.6192
2128,9.6468
2129,9.6513
2130,9.6348
2131,9.6397
2132,9.6370
2133,9.6164
2134,9.5848
2135,9.4819
2136,9.4190
2137,9.4735
2138,9.5327
2139,9.5188
2140,9.5102
2141,9.5130
2142,9.5039
2143,9.4835
2144,9.4571
2145,9.4110
2146,9.3875
2147,9.4115
2148,9.4330
2149,9.4209
2150,9.4014
2151,9.3810
2152,9.3443
2153,9.3115
2154,9.2986
2155,9.2977
2156,9.2907
2157,9.2765
2158,9.2539
2159,9.2240
2160,9.1910
2161,9.1447
2162,9.0867
2163,9.0127
2164,8.8553
2165,8.4806
2166,8.2037
2167,8.3421
2168,8.6812
2169,8.8735
2170,8.9512
2171,8.9738
2172,8.9828
2173,8.9848
2174,8.9839
2175,8.9635
2176,8.9221
2177,8.8740
2178,8.8039
2179,8.8002
2180,8.8832
2181,8.8964
2182,8.8153
2183,8.8029
2184,8.8580
2185,8.8880
2186,8.8808
2187,8.8026
2188,8.6710
2189,8.6177
2190,8.6775
2191,8.7335
2192,8.7398
2193,8.7145
2194,8.6909
2195,8.6687
2196,8.6466
2197,8.6303
2198,8.6201
2199,8.6052
2200,8.5815
2201,8.5579
2202,8.5426
2203,8.5373
2204,8.5255
2205,8.4319
2206,8.2663
2207,8.2077
2208,8.2634
2209,8.3290
2210,8.3788
2211,8.4153
2212,8.4030
2213,8.3848
2214,8.3681
2215,8.3378
2216,8.2828
2217,8.2452
2218,8.2597
2219,8.2902
2220,8.2916
2221,8.2738
2222,8.2560
2223,8.2399
2224,8.2225
2225,8.1693
2226,8.1076
2227,8.0916
2228,8.1215
2229,8.1393
2230,8.1342
2231,8.1203
2232,8.1119
2233,8.1067
2234,8.0901
2235,8.0695
2236,8.0504
2237,8.0080
2238,7.9410
2239,7.9045
2240,7.9306
2241,7.9546
2242,7.9335
2243,7.9082
2244,7.9137
2245,7.9217
2246,7.9051
2247,7.8526
2248,7.8186
2249,7.8224
2250,7.8401
2251,7.8303
2252,7.8120
2253,7.7565
2254,7.6997
2255,7.6867
2256,7.7150
2257,7.7303
2258,7.7386
2259,7.7382
2260,7.7230
2261,7.6698
2262,7.5961
2263,7.5875
2264,7.6224
2265,7.6261
2266,7.6084
2267,7.6162
2268,7.6157
2269,7.6064
2270,7.5823
2271,7.5644
2272,7.5654
2273,7.5662
2274,7.5342
2275,7.5116
2276,7.5156
2277,7.5270
2278,7.5143
2279,7.4948
2280,7.4215
2281,7.3013
2282,7.2662
2283,7.3307
2284,7.3774
2285,7.3715
2286,7.3660
2287,7.3675
2288,7.3625
2289,7.3523
2290,7.3371
2291,7.3204
2292,7.2920
2293,7.2143
2294,7.1472
2295,7.1284
2296,7.1220
2297,7.1124
2298,7.1367
2299,7.1707
2300,7.1800
2301,7.1802
2302,7.1821
2303,7.1694
2304,7.1533
2305,7.1442
2306,7.1405
2307,7.1340
2308,7.1143
2309,7.0922
2310,7.0830
2311,7.0837
2312,7.0783
2313,7.0631
2314,7.0284
2315,6.9984
2316,6.9725
2317,6.9601
2318,6.9405
2319,6.9450
2320,6.9631
2321,6.9534
2322,6.8512
2323,6.7491
2324,6.7065
2325,6.7269
2326,6.7441
2327,6.7776
2328,6.8086
2329,6.8124
2330,6.7988
2331,6.7820
2332,6.7727
2333,6.7763
2334,6.7583
2335,6.7326
2336,6.7341
2337,6.7360
2338,6.6968
2339,6.6813
2340,6.7073
2341,6.7363
2342,6.7291
2343,6.7163
2344,6.6974
2345,6.6818
2346,6.6719
2347,6.6641
2348,6.6578
2349,6.6515
2350,6.6365
2351,6.5705
2352,6.4629
2353,6.3919
2354,6.3975
2355,6.4406
2356,6.4413
2357,6.4277
2358,6.4323
2359,6.4576
2360,6.4763
2361,6.4770
2362,6.4691
2363,6.4613
2364,6.4470
2365,6.4407
2366,6.4395
2367,6.4390
2368,6.4277
2369,6.3967
2370,6.3761
2371,6.3700
2372,6.3620
2373,6.2925
2374,6.2361
2375,6.2453
2376,6.3113
2377,6.3449
2378,6.3329
2379,6.3145
2380,6.3014
2381,6.2889
2382,6.2090
2383,6.0941
2384,5.9994
2385,5.9797
2386,5.9948
2387,6.0355
2388,6.0769
2389,6.1063
2390,6.1071
2391,6.0972
2392,6.0766
2393,6.0643
2394,6.0564
2395,6.0574
2396,6.0511
2397,6.0476