380.000 0.0113700 0.00941024 0.0167101 0.205000 1.04400 114.500
381.000 0.0110203 0.00930456 0.0162916 0.204976 1.04761 119.500
382.000 0.0106483 0.00920034 0.0158508 0.204921 1.05127 91.6500
383.000 0.0102120 0.00909758 0.0153438 0.204879 1.05494 70.8500
384.000 0.00975339 0.00899621 0.0148144 0.204890 1.05854 85.7000
385.000 0.00941000 0.00889624 0.0144055 0.205000 1.06200 99.2000
386.000 0.00928117 0.00879765 0.0142204 0.205241 1.06527 101.200
387.000 0.00922780 0.00870040 0.0141143 0.205592 1.06837 101.800
388.000 0.00906620 0.00860448 0.0138965 0.206021 1.07134 93.9000
389.000 0.00877890 0.00850987 0.0135487 0.206499 1.07421 107.100
390.000 0.00851000 0.00841652 0.0132206 0.207000 1.07700 122.500
391.000 0.00836968 0.00832446 0.0130269 0.207498 1.07972 131.000
392.000 0.00831129 0.00823363 0.0129190 0.207972 1.08230 117.750
393.000 0.00826448 0.00814403 0.0128238 0.208397 1.08461 72.2000
394.000 0.00820152 0.00805564 0.0127124 0.208749 1.08656 79.4500
395.000 0.00813000 0.00796843 0.0125927 0.209000 1.08800 124.000
396.000 0.00804442 0.00788237 0.0124590 0.209131 1.08884 101.500
397.000 0.00788488 0.00779747 0.0122491 0.209165 1.08915 84.5000
398.000 0.00756564 0.00771370 0.0118737 0.209135 1.08906 129.000
399.000 0.00710498 0.00763105 0.0113519 0.209070 1.08865 160.000
400.000 0.00663000 0.00754947 0.0108157 0.209000 1.08800 165.500
401.000 0.00623884 0.00746898 0.0103673 0.208947 1.08720 172.500
402.000 0.00592456 0.00738954 0.00999930 0.208918 1.08632 180.000
403.000 0.00566889 0.00731116 0.00969278 0.208914 1.08544 173.000
404.000 0.00546200 0.00723380 0.00943752 0.208940 1.08464 163.000
405.000 0.00530000 0.00715744 0.00922943 0.209000 1.08400 163.500
406.000 0.00518174 0.00708208 0.00906733 0.209092 1.08357 164.500
407.000 0.00508200 0.00700770 0.00892500 0.209181 1.08322 158.500
408.000 0.00497278 0.00693430 0.00877330 0.209226 1.08279 168.500
409.000 0.00484953 0.00686183 0.00860753 0.209181 1.08211 176.500
410.000 0.00473000 0.00679030 0.00844610 0.209000 1.08100 160.500
411.000 0.00462955 0.00671969 0.00830498 0.208645 1.07933 166.000
412.000 0.00455056 0.00665000 0.00818665 0.208138 1.07722 180.500
413.000 0.00449607 0.00658119 0.00809424 0.207511 1.07486 177.500
414.000 0.00446275 0.00651325 0.00802429 0.206790 1.07240 175.000
415.000 0.00444000 0.00644620 0.00796579 0.206000 1.07000 174.000
416.000 0.00442213 0.00637998 0.00791280 0.205163 1.06779 179.000
417.000 0.00441552 0.00631460 0.00787195 0.204310 1.06575 175.500
418.000 0.00443160 0.00625006 0.00785512 0.203476 1.06381 168.000
419.000 0.00447408 0.00618633 0.00786616 0.202694 1.06191 169.500
420.000 0.00454000 0.00612341 0.00790197 0.202000 1.06000 173.000
421.000 0.00462587 0.00606126 0.00795894 0.201416 1.05804 178.000
422.000 0.00470876 0.00599991 0.00801321 0.200891 1.05604 169.000
423.000 0.00476025 0.00593931 0.00803524 0.200359 1.05402 164.500
424.000 0.00477703 0.00587948 0.00802158 0.199752 1.05200 174.000
425.000 0.00478000 0.00582039 0.00799396 0.199000 1.05000 173.500
426.000 0.00478581 0.00576203 0.00796966 0.198050 1.04804 170.000
427.000 0.00480359 0.00570439 0.00795819 0.196931 1.04610 163.500
428.000 0.00484278 0.00564748 0.00796935 0.195690 1.04413 158.000
429.000 0.00489844 0.00559125 0.00799798 0.194367 1.04211 153.500
430.000 0.00495000 0.00553572 0.00802272 0.193000 1.04000 131.000
431.000 0.00498367 0.00548087 0.00802921 0.191619 1.03776 141.500
432.000 0.00501632 0.00542669 0.00803498 0.190230 1.03538 167.000
433.000 0.00507250 0.00537317 0.00806557 0.188831 1.03281 169.000
434.000 0.00516535 0.00532030 0.00813461 0.187422 1.03004 170.000
435.000 0.00530000 0.00526809 0.00824744 0.186000 1.02700 170.000
436.000 0.00548234 0.00521649 0.00841016 0.184567 1.02369 183.000
437.000 0.00569206 0.00516553 0.00860168 0.183135 1.02020 187.000
438.000 0.00590719 0.00511518 0.00879914 0.181719 1.01667 169.000
439.000 0.00612286 0.00506544 0.00899748 0.180335 1.01323 170.000
440.000 0.00635000 0.00501629 0.00920804 0.179000 1.01000 177.500
441.000 0.00659592 0.00496773 0.00943844 0.177719 1.00707 182.500
442.000 0.00684325 0.00491975 0.00967060 0.176444 1.00430 195.500
443.000 0.00706914 0.00487235 0.00988077 0.175110 1.00150 194.500
444.000 0.00727939 0.00482551 0.0100750 0.173652 0.998467 194.500
445.000 0.00751000 0.00477922 0.0102906 0.172000 0.995000 190.000
446.000 0.00779177 0.00473349 0.0105598 0.170108 0.990967 185.500
447.000 0.00812013 0.00468829 0.0108776 0.168057 0.986572 198.500
448.000 0.00848944 0.00464363 0.0112383 0.165952 0.982094 203.000
449.000 0.00887378 0.00459950 0.0116149 0.163897 0.977809 200.500
450.000 0.00922000 0.00455587 0.0119521 0.162000 0.974000 209.000
451.000 0.00947955 0.00451277 0.0121995 0.160340 0.970871 213.000
452.000 0.00964573 0.00447016 0.0123501 0.158874 0.968251 202.500
453.000 0.00970564 0.00442806 0.0123905 0.157536 0.965891 195.500
454.000 0.00967837 0.00438644 0.0123405 0.156265 0.963553 197.500
455.000 0.00962000 0.00434531 0.0122585 0.155000 0.961000 201.000
456.000 0.00957408 0.00430465 0.0121896 0.153694 0.958065 206.000
457.000 0.00955956 0.00426447 0.0121536 0.152340 0.954887 209.000
458.000 0.00959539 0.00422474 0.0121702 0.150940 0.951676 203.500
459.000 0.00967982 0.00418548 0.0122376 0.149494 0.948642 199.000
460.000 0.00979000 0.00414666 0.0123319 0.148000 0.946000 202.500
461.000 0.00990738 0.00410829 0.0124340 0.146466 0.943906 205.000
462.000 0.0100110 0.00407036 0.0125220 0.144939 0.942237 208.500
463.000 0.0100767 0.00403286 0.0125708 0.143477 0.940810 207.500
464.000 0.0101028 0.00399579 0.0125787 0.142142 0.939455 201.000
465.000 0.0101100 0.00395914 0.0125671 0.141000 0.938000 201.000
466.000 0.0101179 0.00392290 0.0125564 0.140092 0.936330 198.000
467.000 0.0101567 0.00388707 0.0125782 0.139341 0.934543 197.000
468.000 0.0102648 0.00385165 0.0126722 0.138644 0.932789 201.000
469.000 0.0104326 0.00381663 0.0128284 0.137898 0.931222 199.500
470.000 0.0106000 0.00378200 0.0129844 0.137000 0.930000 193.500
471.000 0.0107245 0.00374776 0.0130961 0.135880 0.929251 195.000
472.000 0.0108354 0.00371390 0.0131937 0.134612 0.928935 203.000
473.000 0.0109773 0.00368042 0.0133238 0.133305 0.928988 201.500
474.000 0.0111674 0.00364732 0.0135042 0.132064 0.929356 202.000
475.000 0.0114000 0.00361458 0.0137290 0.131000 0.930000 203.500
476.000 0.0116718 0.00358220 0.0139947 0.130190 0.930887 199.000
477.000 0.0119590 0.00355018 0.0142766 0.129574 0.931970 202.000
478.000 0.0122352 0.00351852 0.0145472 0.129061 0.933207 204.500
479.000 0.0124849 0.00348721 0.0147905 0.128565 0.934561 204.500
480.000 0.0127000 0.00345623 0.0149980 0.128000 0.936000 206.000
481.000 0.0128733 0.00342561 0.0151622 0.127303 0.937514 206.500
482.000 0.0130249 0.00339531 0.0153041 0.126503 0.939171 206.000
483.000 0.0131786 0.00336535 0.0154483 0.125653 0.941067 202.500
484.000 0.0133594 0.00333571 0.0156208 0.124803 0.943304 199.500
485.000 0.0136000 0.00330639 0.0158557 0.124000 0.946000 190.000
486.000 0.0139217 0.00327740 0.0161750 0.123284 0.949221 173.000
487.000 0.0142562 0.00324872 0.0165078 0.122645 0.952776 173.000
488.000 0.0145167 0.00322035 0.0167639 0.122062 0.956420 187.500
489.000 0.0147218 0.00319228 0.0169625 0.121519 0.959911 194.000
490.000 0.0150000 0.00316451 0.0172373 0.121000 0.963000 198.500
491.000 0.0154460 0.00313705 0.0176866 0.120488 0.965506 195.500
492.000 0.0159605 0.00310988 0.0182073 0.119959 0.967564 190.000
493.000 0.0164104 0.00308300 0.0186610 0.119387 0.969372 189.500
494.000 0.0168052 0.00305641 0.0190576 0.118744 0.971122 197.500
495.000 0.0173000 0.00303010 0.0195582 0.118000 0.973000 199.500
496.000 0.0180044 0.00300407 0.0202769 0.117132 0.975149 197.500
497.000 0.0187652 0.00297832 0.0210544 0.116166 0.977516 202.000
498.000 0.0193765 0.00295284 0.0216766 0.115134 0.980006 194.500
499.000 0.0198465 0.00292763 0.0221521 0.114069 0.982530 192.000
500.000 0.0204000 0.00290269 0.0227145 0.113000 0.985000 191.500
501.000 0.0212178 0.00287801 0.0235518 0.111951 0.987347 183.500
502.000 0.0222398 0.00285358 0.0246014 0.110927 0.989587 185.500
503.000 0.0233812 0.00282942 0.0257753 0.109926 0.991756 192.000
504.000 0.0245457 0.00280551 0.0269734 0.108950 0.993883 190.500
505.000 0.0256000 0.00278185 0.0280571 0.108000 0.996000 193.500
506.000 0.0264707 0.00275843 0.0289500 0.107072 0.998123 198.000
507.000 0.0274033 0.00273526 0.0299074 0.106141 1.00023 193.500
508.000 0.0287338 0.00271232 0.0312785 0.105175 1.00227 191.500
509.000 0.0305091 0.00268963 0.0331121 0.104140 1.00421 192.000
510.000 0.0325000 0.00266717 0.0351700 0.103000 1.00600 193.500
511.000 0.0345183 0.00264495 0.0372564 0.101730 1.00761 197.500
512.000 0.0363866 0.00262295 0.0391872 0.100358 1.00907 193.500
513.000 0.0378981 0.00260118 0.0407470 0.0989218 1.01043 186.500
514.000 0.0389658 0.00257963 0.0418457 0.0974576 1.01172 187.000
515.000 0.0396000 0.00255830 0.0424939 0.0960000 1.01300 189.000
516.000 0.0398008 0.00253719 0.0426916 0.0945830 1.01430 178.500
517.000 0.0398401 0.00251629 0.0427216 0.0932385 1.01568 170.000
518.000 0.0400304 0.00249561 0.0429087 0.0920002 1.01721 169.500
519.000 0.0404380 0.00247514 0.0433217 0.0909061 1.01895 174.500
520.000 0.0409000 0.00245488 0.0437915 0.0900000 1.02100 183.000
521.000 0.0412824 0.00243482 0.0441786 0.0893144 1.02341 187.000
522.000 0.0415368 0.00241496 0.0444326 0.0888147 1.02610 187.000
523.000 0.0416143 0.00239531 0.0445030 0.0884553 1.02899 186.500
524.000 0.0415934 0.00237585 0.0444711 0.0881958 1.03198 193.000
525.000 0.0417000 0.00235659 0.0445720 0.0880000 1.03500 194.500
526.000 0.0420963 0.00233752 0.0449740 0.0878357 1.03798 180.500
527.000 0.0425947 0.00231864 0.0454823 0.0876776 1.04094 175.500
528.000 0.0429418 0.00229995 0.0458334 0.0875021 1.04391 186.500
529.000 0.0431310 0.00228144 0.0460204 0.0872849 1.04692 191.000
530.000 0.0434000 0.00226312 0.0462906 0.0870000 1.05000 193.500
531.000 0.0439153 0.00224499 0.0468168 0.0866310 1.05320 196.000
532.000 0.0444835 0.00222703 0.0473981 0.0862073 1.05654 187.000
533.000 0.0448345 0.00220925 0.0477537 0.0857682 1.06009 185.000
534.000 0.0449769 0.00219164 0.0478925 0.0853525 1.06389 189.500
535.000 0.0452000 0.00217421 0.0481154 0.0850000 1.06800 192.500
536.000 0.0457133 0.00215695 0.0486400 0.0847388 1.07246 193.000
537.000 0.0463335 0.00213986 0.0492759 0.0845440 1.07709 187.500
538.000 0.0468017 0.00212294 0.0497538 0.0843794 1.08170 189.500
539.000 0.0470912 0.00210618 0.0500459 0.0842098 1.08608 187.000
540.000 0.0474000 0.00208959 0.0503584 0.0840000 1.09000 180.000
541.000 0.0478872 0.00207315 0.0508562 0.0837213 1.09333 182.500
542.000 0.0485314 0.00205688 0.0515175 0.0833756 1.09630 185.500
543.000 0.0492963 0.00204077 0.0523042 0.0829705 1.09920 185.500
544.000 0.0501581 0.00202481 0.0531917 0.0825110 1.10233 188.000
545.000 0.0511000 0.00200900 0.0541626 0.0820000 1.10600 189.000
546.000 0.0521145 0.00199335 0.0552090 0.0814413 1.11042 189.000
547.000 0.0531686 0.00197785 0.0562968 0.0808478 1.11537 186.000
548.000 0.0542310 0.00196250 0.0573932 0.0802340 1.12049 185.500
549.000 0.0553184 0.00194730 0.0585156 0.0796136 1.12548 188.500
550.000 0.0565000 0.00193224 0.0597360 0.0790000 1.13000 188.000
551.000 0.0577925 0.00191733 0.0610718 0.0784025 1.13379 186.500
552.000 0.0589193 0.00190255 0.0622355 0.0778145 1.13694 186.000
553.000 0.0595041 0.00188792 0.0628357 0.0772252 1.13961 186.500
554.000 0.0595803 0.00187343 0.0629074 0.0766241 1.14192 189.000
555.000 0.0596000 0.00185907 0.0629205 0.0760000 1.14400 190.000
556.000 0.0598970 0.00184486 0.0632218 0.0753481 1.14596 186.000
557.000 0.0603632 0.00183077 0.0636991 0.0746914 1.14792 183.500
558.000 0.0608166 0.00181682 0.0641632 0.0740600 1.15000 182.000
559.000 0.0612635 0.00180300 0.0646205 0.0734851 1.15231 180.000
560.000 0.0619000 0.00178931 0.0652750 0.0730000 1.15500 183.000
561.000 0.0628430 0.00177575 0.0662483 0.0726308 1.15817 184.000
562.000 0.0637320 0.00176232 0.0671653 0.0723645 1.16185 184.000
563.000 0.0640850 0.00174901 0.0675254 0.0721811 1.16603 185.500
564.000 0.0640037 0.00173582 0.0674340 0.0720642 1.17073 186.000
565.000 0.0642000 0.00172276 0.0676313 0.0720000 1.17600 183.000
566.000 0.0652007 0.00170983 0.0686648 0.0719758 1.18183 181.500
567.000 0.0665711 0.00169701 0.0700827 0.0719776 1.18797 186.000
568.000 0.0677101 0.00168431 0.0712601 0.0719912 1.19409 185.000
569.000 0.0685426 0.00167172 0.0721189 0.0720032 1.19988 183.500
570.000 0.0695000 0.00165926 0.0731077 0.0720000 1.20500 181.500
571.000 0.0709048 0.00164691 0.0745615 0.0719735 1.20924 180.000
572.000 0.0725209 0.00163467 0.0762351 0.0719389 1.21291 186.000
573.000 0.0740183 0.00162254 0.0777853 0.0719173 1.21647 188.500
574.000 0.0754374 0.00161053 0.0792543 0.0719300 1.22035 187.500
575.000 0.0772000 0.00159863 0.0810803 0.0720000 1.22500 185.000
576.000 0.0796204 0.00158683 0.0835902 0.0721431 1.23073 184.000
577.000 0.0823143 0.00157514 0.0863844 0.0723403 1.23718 185.500
578.000 0.0847790 0.00156356 0.0889405 0.0725655 1.24387 182.500
579.000 0.0870291 0.00155209 0.0912734 0.0727937 1.25031 181.000
580.000 0.0896000 0.00154072 0.0939400 0.0730000 1.25600 183.500
581.000 0.0929306 0.00152945 0.0973962 0.0731684 1.26059 185.000
582.000 0.0968246 0.00151828 0.101438 0.0733211 1.26431 187.000
583.000 0.101031 0.00150722 0.105805 0.0734890 1.26755 187.000
584.000 0.105430 0.00149625 0.110372 0.0737041 1.27066 186.000
585.000 0.110000 0.00148538 0.115117 0.0740000 1.27400 182.500
586.000 0.114740 0.00147462 0.120038 0.0743970 1.27782 181.000
587.000 0.119573 0.00146394 0.125057 0.0748526 1.28202 184.000
588.000 0.124430 0.00145337 0.130101 0.0753099 1.28640 180.000
589.000 0.129465 0.00144289 0.135329 0.0757120 1.29079 168.000
590.000 0.135100 0.00143250 0.141181 0.0760000 1.29500 171.500
591.000 0.141631 0.00142220 0.147965 0.0761316 1.29888 180.500
592.000 0.148400 0.00141199 0.154996 0.0761443 1.30247 180.000
593.000 0.154571 0.00140188 0.161405 0.0760924 1.30582 180.500
594.000 0.160380 0.00139186 0.167439 0.0760273 1.30898 179.000
595.000 0.167200 0.00138192 0.174523 0.0760000 1.31200 178.500
596.000 0.176172 0.00137207 0.183844 0.0760521 1.31490 180.000
597.000 0.186786 0.00136231 0.194872 0.0761841 1.31762 179.500
598.000 0.198406 0.00135264 0.206946 0.0763886 1.32010 177.000
599.000 0.210481 0.00134305 0.219493 0.0766611 1.32226 177.000
600.000 0.222400 0.00133354 0.231878 0.0770000 1.32400 176.500
601.000 0.233525 0.00132412 0.243437 0.0773999 1.32526 175.000
602.000 0.243112 0.00131478 0.253398 0.0778328 1.32620 173.500
603.000 0.250112 0.00130552 0.260670 0.0782660 1.32701 175.500
604.000 0.254581 0.00129634 0.265311 0.0786664 1.32788 178.500
605.000 0.257700 0.00128724 0.268548 0.0790000 1.32900 177.500
606.000 0.260227 0.00127822 0.271170 0.0792436 1.33050 176.500
607.000 0.262196 0.00126928 0.273213 0.0794258 1.33224 176.000
608.000 0.263380 0.00126042 0.274438 0.0795865 1.33404 175.500
609.000 0.263926 0.00125163 0.275002 0.0797647 1.33569 175.000
610.000 0.264400 0.00124292 0.275490 0.0800000 1.33700 173.000
611.000 0.265200 0.00123429 0.276317 0.0803217 1.33781 173.000
612.000 0.266112 0.00122572 0.277260 0.0807108 1.33815 173.000
613.000 0.266797 0.00121723 0.277968 0.0811385 1.33810 170.000
614.000 0.267251 0.00120882 0.278435 0.0815772 1.33770 170.500
615.000 0.267800 0.00120047 0.279002 0.0820000 1.33700 172.000
616.000 0.268716 0.00119220 0.279949 0.0823882 1.33602 166.500
617.000 0.269966 0.00118400 0.281245 0.0827578 1.33476 166.000
618.000 0.271507 0.00117587 0.282842 0.0831331 1.33320 172.000
619.000 0.273338 0.00116780 0.284742 0.0835386 1.33129 172.000
620.000 0.275500 0.00115981 0.286985 0.0840000 1.32900 172.500
621.000 0.277971 0.00115188 0.289549 0.0845355 1.32631 171.500
622.000 0.280203 0.00114402 0.291865 0.0851277 1.32336 170.500
623.000 0.281490 0.00113623 0.293200 0.0857515 1.32037 169.500
624.000 0.282111 0.00112850 0.293841 0.0863834 1.31752 166.500
625.000 0.283400 0.00112084 0.295177 0.0870000 1.31500 164.500
626.000 0.286265 0.00111324 0.298151 0.0875855 1.31297 166.500
627.000 0.289361 0.00110571 0.301365 0.0881551 1.31136 170.000
628.000 0.290849 0.00109824 0.302908 0.0887318 1.31006 170.000
629.000 0.290873 0.00109083 0.302930 0.0893387 1.30897 169.000
630.000 0.291600 0.00108348 0.303681 0.0900000 1.30800 166.000
631.000 0.294565 0.00107620 0.306760 0.0907332 1.30710 164.000
632.000 0.298175 0.00106897 0.310508 0.0915221 1.30634 164.500
633.000 0.300198 0.00106181 0.312607 0.0923439 1.30582 165.000
634.000 0.300535 0.00105470 0.312955 0.0931769 1.30566 165.500
635.000 0.301200 0.00104765 0.313642 0.0940000 1.30600 166.000
636.000 0.303627 0.00104066 0.316161 0.0947981 1.30693 166.000
637.000 0.306590 0.00103374 0.319238 0.0955811 1.30839 166.000
638.000 0.308329 0.00102686 0.321042 0.0963651 1.31027 165.500
639.000 0.309016 0.00102004 0.321752 0.0971658 1.31250 165.000
640.000 0.310800 0.00101328 0.323603 0.0980000 1.31500 163.500
641.000 0.315183 0.00100658 0.328156 0.0988825 1.31775 162.000
642.000 0.320167 0.000999928 0.333333 0.0998185 1.32080 162.000
643.000 0.323018 0.000993332 0.336293 0.100812 1.32428 162.000
644.000 0.323725 0.000986789 0.337025 0.101869 1.32830 162.500
645.000 0.325000 0.000980300 0.338347 0.103000 1.33300 163.000
646.000 0.328771 0.000973864 0.342263 0.104213 1.33850 162.000
647.000 0.333280 0.000967480 0.346948 0.105513 1.34468 161.000
648.000 0.336031 0.000961148 0.349804 0.106905 1.35140 158.500
649.000 0.337261 0.000954867 0.351079 0.108396 1.35855 156.000
650.000 0.340000 0.000948637 0.353923 0.110000 1.36600 158.500
651.000 0.346473 0.000942459 0.360649 0.111722 1.37366 161.000
652.000 0.354443 0.000936329 0.368930 0.113527 1.38142 160.500
653.000 0.360860 0.000930249 0.375598 0.115370 1.38915 160.000
654.000 0.365520 0.000924216 0.380438 0.117209 1.39672 156.500
655.000 0.371000 0.000918233 0.386132 0.119000 1.40400 153.000
656.000 0.379205 0.000912299 0.394658 0.120711 1.41088 146.000
657.000 0.388580 0.000906410 0.404400 0.122350 1.41728 139.000
658.000 0.396933 0.000900570 0.413080 0.123934 1.42317 147.000
659.000 0.403738 0.000894776 0.420151 0.125480 1.42844 155.000
660.000 0.410000 0.000889028 0.426657 0.127000 1.43300 156.000
661.000 0.416316 0.000883326 0.433220 0.128510 1.43678 157.000
662.000 0.421892 0.000877670 0.439013 0.130035 1.43996 156.500
663.000 0.425473 0.000872057 0.442732 0.131604 1.44276 156.000
664.000 0.427267 0.000866491 0.444595 0.133248 1.44537 156.000
665.000 0.429000 0.000860967 0.446393 0.135000 1.44800 156.000
666.000 0.431860 0.000855486 0.449363 0.136822 1.45080 155.000
667.000 0.434888 0.000850050 0.452508 0.138375 1.45375 154.000
668.000 0.436651 0.000844656 0.454338 0.139233 1.45679 154.500
669.000 0.437374 0.000839305 0.455086 0.138941 1.45989 155.000
670.000 0.439000 0.000833996 0.456774 0.137000 1.46300 153.500
671.000 0.442831 0.000828727 0.460753 0.133155 1.46607 152.000
672.000 0.446836 0.000823501 0.464914 0.128329 1.46911 152.000
673.000 0.448228 0.000818314 0.466359 0.123716 1.47211 152.000
674.000 0.447396 0.000813168 0.465490 0.120519 1.47507 151.500
675.000 0.448000 0.000808063 0.466116 0.120000 1.47800 151.000
676.000 0.452668 0.000802998 0.470966 0.123041 1.48088 151.000
677.000 0.458693 0.000797972 0.477226 0.128731 1.48368 151.000
678.000 0.462323 0.000792983 0.480997 0.135777 1.48633 150.500
679.000 0.463340 0.000788034 0.482051 0.142944 1.48880 150.000
680.000 0.465000 0.000783124 0.483775 0.149000 1.49100 149.500
681.000 0.469671 0.000778251 0.488627 0.152995 1.49291 149.000
682.000 0.475506 0.000773416 0.494690 0.155195 1.49463 148.500
683.000 0.479853 0.000768618 0.499207 0.156122 1.49629 148.000
684.000 0.482573 0.000763857 0.502031 0.156244 1.49804 147.000
685.000 0.486000 0.000759132 0.505592 0.156000 1.50000 146.000
686.000 0.491858 0.000754444 0.511679 0.155700 1.50230 146.500
687.000 0.498773 0.000749791 0.518864 0.155212 1.50500 147.000
688.000 0.504818 0.000745175 0.525145 0.154283 1.50814 146.500
689.000 0.509950 0.000740593 0.530478 0.152645 1.51178 146.000
690.000 0.516000 0.000736045 0.536765 0.150000 1.51600 145.500
691.000 0.524322 0.000731533 0.545413 0.146173 1.52074 145.000
692.000 0.533593 0.000727055 0.555048 0.141595 1.52526 145.000
693.000 0.542024 0.000722611 0.563810 0.136833 1.52863 145.000
694.000 0.549776 0.000718201 0.571865 0.132444 1.52990 144.500
695.000 0.559000 0.000713823 0.581452 0.129000 1.52800 144.000
696.000 0.571332 0.000709479 0.594268 0.126814 1.52264 143.000
697.000 0.585185 0.000705168 0.608666 0.125054 1.51691 142.000
698.000 0.598461 0.000700888 0.622465 0.122604 1.51477 142.500
699.000 0.610898 0.000696642 0.635391 0.118325 1.52033 143.000
700.000 0.624000 0.000692427 0.649008 0.111000 1.53800 140.950
701.000 0.638935 0.000688244 0.664531 0.0998694 1.57057 139.800
702.000 0.654938 0.000684091 0.681164 0.0863302 1.61298 139.650
703.000 0.670973 0.000679971 0.697830 0.0722594 1.65848 139.500
704.000 0.687006 0.000675880 0.714494 0.0595131 1.70041 140.150
705.000 0.704000 0.000671820 0.732157 0.0500000 1.73200 140.750
706.000 0.722945 0.000667791 0.751848 0.0451361 1.74819 140.100
707.000 0.744251 0.000663791 0.773994 0.0440274 1.75188 139.450
708.000 0.768628 0.000659821 0.799332 0.0453078 1.74761 139.100
709.000 0.796289 0.000655881 0.828083 0.0477071 1.73963 138.700
710.000 0.827000 0.000651969 0.860005 0.0500000 1.73200 138.600
711.000 0.860747 0.000648087 0.895083 0.0512326 1.72790 138.450
712.000 0.896148 0.000644233 0.931881 0.0515135 1.72696 138.100
713.000 0.931794 0.000640408 0.968933 0.0511891 1.72804 137.750
714.000 0.968022 0.000636611 1.00659 0.0505811 1.73007 137.350
715.000 1.00700 0.000632842 1.04711 0.0500000 1.73200 137.000
716.000 1.05044 0.000629100 1.09226 0.0496876 1.73304 136.650
717.000 1.09617 0.000625385 1.13979 0.0496164 1.73328 136.300
718.000 1.14145 0.000621698 1.18686 0.0496987 1.73300 135.450
719.000 1.18582 0.000618037 1.23299 0.0498528 1.73249 134.600
720.000 1.23100 0.000614403 1.27994 0.0500000 1.73200 134.500
721.000 1.27859 0.000610796 1.32941 0.0500792 1.73174 134.400
722.000 1.32924 0.000607216 1.38206 0.0500972 1.73168 134.750
723.000 1.38379 0.000603660 1.43877 0.0500764 1.73175 135.150
724.000 1.43945 0.000600132 1.49662 0.0500373 1.73188 135.050
725.000 1.48900 0.000596628 1.54813 0.0500000 1.73200 134.950
726.000 1.53309 0.000593149 1.59396 0.0499799 1.73207 134.850
727.000 1.61011 0.000589697 1.67402 0.0499754 1.73208 134.750
728.000 1.76070 0.000586268 1.83055 0.0499806 1.73206 133.900
729.000 1.84440 0.000582864 1.91756 0.0499905 1.73203 133.050
730.000 1.96240 0.000579485 2.04022 0.0500000 1.73200 133.200
731.000 2.08010 0.000576131 2.16256 0.0500051 1.73198 133.300
732.000 2.19740 0.000572801 2.28449 0.0500062 1.73198 132.950
733.000 2.31440 0.000569494 2.40611 0.0500049 1.73198 132.600
734.000 2.44820 0.000566211 2.54520 0.0500024 1.73199 132.200
735.000 2.53040 0.000562950 2.63064 0.0500000 1.73200 131.850
736.000 2.61230 0.000559714 2.71578 0.0499987 1.73200 131.700
737.000 2.64505 0.000556501 2.74982 0.0499984 1.73201 131.600
738.000 2.67330 0.000553310 2.77918 0.0499988 1.73200 130.700
739.000 2.73770 0.000550142 2.84613 0.0499994 1.73200 129.800
740.000 2.76800 0.000546996 2.87762 0.0500000 1.73200 129.150
741.000 2.79820 0.000543873 2.90901 0.0500003 1.73200 128.550
742.000 2.81130 0.000540772 2.92263 0.0500004 1.73200 129.100
743.000 2.82450 0.000537693 2.93635 0.0500003 1.73200 129.700
744.000 2.83760 0.000534636 2.94996 0.0500002 1.73200 129.300
745.000 2.83380 0.000531599 2.94601 0.0500000 1.73200 128.850
746.000 2.84680 0.000528585 2.95952 0.0499999 1.73200 128.700
747.000 2.84300 0.000525592 2.95557 0.0499999 1.73200 128.500
748.000 2.85600 0.000522619 2.96908 0.0499999 1.73200 128.050
749.000 2.85222 0.000519667 2.96515 0.0500000 1.73200 127.550
750.000 2.84840 0.000516736 2.96118 0.0500000 1.73200 127.100
751.000 2.86130 0.000513826 2.97459 0.0500000 1.73200 126.650
752.000 2.85750 0.000510936 2.97064 0.0500000 1.73200 126.400
753.000 2.87040 0.000508066 2.98405 0.0500000 1.73200 126.200
754.000 2.86660 0.000505216 2.98009 0.0500000 1.73200 126.000
755.000 2.87940 0.000502386 2.99340 0.0500000 1.73200 125.800
756.000 2.87560 0.000499576 2.98945 0.0500000 1.73200 125.400
757.000 2.87046 0.000496785 2.98410 0.0500000 1.73200 125.000
758.000 2.86810 0.000494013 2.98165 0.0500000 1.73200 124.600
759.000 2.86430 0.000491260 2.97770 0.0500000 1.73200 124.200
760.000 2.86050 0.000488526 2.97374 0.0500000 1.73200 124.050
761.000 2.87330 0.000485811 2.98705 0.0500000 1.73200 123.900
762.000 2.86950 0.000483115 2.98310 0.0500000 1.73200 123.800
763.000 2.86570 0.000480438 2.97914 0.0500000 1.73200 123.700
764.000 2.86118 0.000477779 2.97445 0.0500000 1.73200 123.050
765.000 2.85820 0.000475138 2.97135 0.0500000 1.73200 122.450
766.000 2.85450 0.000472516 2.96750 0.0500000 1.73200 121.600
767.000 2.83440 0.000469911 2.94660 0.0500000 1.73200 120.750
768.000 2.83070 0.000467323 2.94276 0.0500000 1.73200 120.900
769.000 2.82700 0.000464754 2.93891 0.0500000 1.73200 121.050
770.000 2.82340 0.000462202 2.93516 0.0500000 1.73200 121.200
771.000 2.81580 0.000459668 2.92726 0.0500000 1.73200 121.350
772.000 2.79980 0.000457151 2.91063 0.0500000 1.73200 121.250
773.000 2.77990 0.000454650 2.88994 0.0500000 1.73200 121.150
774.000 2.77630 0.000452167 2.88620 0.0500000 1.73200 120.550
775.000 2.75650 0.000449700 2.86562 0.0500000 1.73200 119.950
776.000 2.75290 0.000447251 2.86187 0.0500000 1.73200 120.100
777.000 2.74563 0.000444817 2.85431 0.0500000 1.73200 120.200
778.000 2.72970 0.000442401 2.83775 0.0500000 1.73200 119.850
779.000 2.71010 0.000440000 2.81738 0.0500000 1.73200 119.450
780.000 2.69050 0.000437615 2.79700 0.0500000 1.73200 119.300
781.000 2.65490 0.000435247 2.75999 0.0500000 1.73200 119.150
782.000 2.63979 0.000432895 2.74428 0.0500000 1.73200 118.750
783.000 2.63200 0.000430558 2.73619 0.0500000 1.73200 118.300
784.000 2.61270 0.000428236 2.71612 0.0500000 1.73200 118.150
785.000 2.59330 0.000425931 2.69596 0.0500000 1.73200 117.950
786.000 2.55800 0.000423641 2.65926 0.0500000 1.73200 117.800
787.000 2.52290 0.000421366 2.62277 0.0500000 1.73200 117.650
788.000 2.51291 0.000419106 2.61238 0.0500000 1.73200 117.500
789.000 2.50050 0.000416861 2.59949 0.0500000 1.73200 117.350
790.000 2.46560 0.000414631 2.56321 0.0500000 1.73200 116.750
791.000 2.44650 0.000412416 2.54335 0.0500000 1.73200 116.150
792.000 2.41170 0.000410215 2.50718 0.0500000 1.73200 115.550
793.000 2.38883 0.000408030 2.48340 0.0500000 1.73200 114.950
794.000 2.37400 0.000405858 2.46798 0.0500000 1.73200 114.900
795.000 2.35520 0.000403700 2.44844 0.0500000 1.73200 114.800
796.000 2.33650 0.000401558 2.42900 0.0500000 1.73200 115.000
797.000 2.31780 0.000399429 2.40956 0.0500000 1.73200 115.150
798.000 2.30361 0.000397314 2.39480 0.0500000 1.73200 114.850
799.000 2.28050 0.000395213 2.37079 0.0500000 1.73200 114.500
800.000 2.24620 0.000393126 2.33513 0.0500000 1.73200 114.400
801.000 2.24340 0.000391052 2.33222 0.0500000 1.73200 114.350
802.000 2.23807 0.000388992 2.32667 0.0500000 1.73200 114.000
803.000 2.22220 0.000386946 2.31018 0.0500000 1.73200 113.650
804.000 2.20380 0.000384913 2.29105 0.0500000 1.73200 113.250
805.000 2.20110 0.000382893 2.28824 0.0500000 1.73200 112.900
806.000 2.20380 0.000380886 2.29105 0.0500000 1.73200 112.800
807.000 2.19560 0.000378892 2.28252 0.0500000 1.73200 112.700
808.000 2.17730 0.000376911 2.26350 0.0500000 1.73200 112.100
809.000 2.19020 0.000374943 2.27691 0.0500000 1.73200 111.450
810.000 2.18750 0.000372988 2.27410 0.0500000 1.73200 111.850
811.000 2.18851 0.000371045 2.27515 0.0500000 1.73200 112.200
812.000 2.19760 0.000369115 2.28460 0.0500000 1.73200 112.100
813.000 2.21030 0.000367197 2.29780 0.0500000 1.73200 111.950
814.000 2.22300 0.000365292 2.31100 0.0500000 1.73200 111.600
815.000 2.23308 0.000363399 2.32148 0.0500000 1.73200 111.200
816.000 2.24840 0.000361518 2.33740 0.0500000 1.73200 111.100
817.000 2.27640 0.000359650 2.36650 0.0500000 1.73200 110.950
818.000 2.30430 0.000357792 2.39551 0.0500000 1.73200 109.800
819.000 2.31136 0.000355947 2.40284 0.0500000 1.73200 108.700
820.000 2.32940 0.000354114 2.42160 0.0500000 1.73200 108.800
821.000 2.38780 0.000352293 2.48230 0.0500000 1.73200 108.900
822.000 2.44600 0.000350483 2.54280 0.0500000 1.73200 108.500
823.000 2.47551 0.000348684 2.57348 0.0500000 1.73200 108.150
824.000 2.51630 0.000346898 2.61587 0.0500000 1.73200 108.250
825.000 2.61990 0.000345122 2.72357 0.0500000 1.73200 108.350
826.000 2.76890 0.000343358 2.87845 0.0500000 1.73200 108.250
827.000 2.83076 0.000341604 2.94275 0.0500000 1.73200 108.100
828.000 2.91390 0.000339863 3.02918 0.0500000 1.73200 107.700
829.000 3.10750 0.000338132 3.23042 0.0500000 1.73200 107.300
830.000 3.21308 0.000336412 3.34017 0.0500000 1.73200 107.150
831.000 3.29660 0.000334702 3.42699 0.0500000 1.73200 107.050
832.000 3.45880 0.000333004 3.59560 0.0500000 1.73200 105.900
833.000 3.60550 0.000331316 3.74809 0.0500000 1.73200 104.750
834.000 3.66155 0.000329639 3.80635 0.0500000 1.73200 105.100
835.000 3.70220 0.000327972 3.84861 0.0500000 1.73200 105.450
836.000 3.78790 0.000326316 3.93769 0.0500000 1.73200 105.350
837.000 3.82820 0.000324671 3.97959 0.0500000 1.73200 105.200
838.000 3.85390 0.000323035 4.00630 0.0500000 1.73200 104.800
839.000 3.90920 0.000321410 4.06378 0.0500000 1.73200 104.400
840.000 3.94940 0.000319795 4.10557 0.0500000 1.73200 104.550
841.000 3.97239 0.000318190 4.12947 0.0500000 1.73200 104.650
842.000 3.99970 0.000316594 4.15785 0.0500000 1.73200 104.000
843.000 4.03970 0.000315009 4.19943 0.0500000 1.73200 103.350
844.000 4.05653 0.000313434 4.21692 0.0500000 1.73200 103.250
845.000 4.07480 0.000311868 4.23592 0.0500000 1.73200 103.100
846.000 4.11450 0.000310312 4.27718 0.0500000 1.73200 102.950
847.000 4.12683 0.000308766 4.29001 0.0500000 1.73200 102.800
848.000 4.14930 0.000307229 4.31336 0.0500000 1.73200 101.230
849.000 4.20360 0.000305702 4.36980 0.0500000 1.73200 99.6000
850.000 4.19860 0.000304184 4.36460 0.0500000 1.73200 100.230
851.000 4.22320 0.000302675 4.39017 0.0500000 1.73200 100.800
852.000 4.25357 0.000301176 4.42174 0.0500000 1.73200 100.030
853.000 4.27230 0.000299686 4.44121 0.0500000 1.73200 99.2500
854.000 4.28030 0.000298205 4.44953 0.0500000 1.73200 96.8000
855.000 4.30640 0.000296734 4.47666 0.0500000 1.73200 94.3000
856.000 4.36010 0.000295271 4.53248 0.0500000 1.73200 97.5800
857.000 4.36940 0.000293817 4.54214 0.0500000 1.73200 100.900
858.000 4.37920 0.000292372 4.55233 0.0500000 1.73200 100.580
859.000 4.43260 0.000290936 4.60784 0.0500000 1.73200 100.250
860.000 4.45336 0.000289509 4.62942 0.0500000 1.73200 100.300
861.000 4.46610 0.000288090 4.64266 0.0500000 1.73200 100.350
862.000 4.50470 0.000286679 4.68278 0.0500000 1.73200 100.400
863.000 4.52734 0.000285278 4.70632 0.0500000 1.73200 100.500
864.000 4.55240 0.000283885 4.73237 0.0500000 1.73200 99.7800
865.000 4.60520 0.000282500 4.78725 0.0500000 1.73200 99.0500
866.000 4.65800 0.000281124 4.84214 0.0500000 1.73200 96.7500
867.000 4.69036 0.000279756 4.87578 0.0500000 1.73200 94.4500
868.000 4.70520 0.000278397 4.89120 0.0500000 1.73200 96.5800
869.000 4.71356 0.000277045 4.89989 0.0500000 1.73200 98.7000
870.000 4.75210 0.000275702 4.93995 0.0500000 1.73200 99.0800
871.000 4.83320 0.000274367 5.02425 0.0500000 1.73200 99.5000
872.000 4.86718 0.000273039 5.05958 0.0500000 1.73200 99.2000
873.000 4.89410 0.000271720 5.08756 0.0500000 1.73200 98.8500
874.000 4.96040 0.000270408 5.15648 0.0500000 1.73200 98.8300
875.000 5.00551 0.000269105 5.20336 0.0500000 1.73200 98.8000
876.000 5.04950 0.000267809 5.24909 0.0500000 1.73200 98.7300
877.000 5.11540 0.000266521 5.31760 0.0500000 1.73200 98.6500
878.000 5.15329 0.000265241 5.35698 0.0500000 1.73200 97.8800
879.000 5.20380 0.000263968 5.40949 0.0500000 1.73200 97.1000
880.000 5.29790 0.000262703 5.50730 0.0500000 1.73200 97.0000
881.000 5.34581 0.000261445 5.55711 0.0500000 1.73200 96.9000
882.000 5.38560 0.000260195 5.59847 0.0500000 1.73200 96.4300
883.000 5.46490 0.000258952 5.68090 0.0500000 1.73200 95.9500
884.000 5.52721 0.000257717 5.74566 0.0500000 1.73200 96.1300
885.000 5.56610 0.000256489 5.78609 0.0500000 1.73200 96.3000
886.000 5.59630 0.000255268 5.81748 0.0500000 1.73200 95.7500
887.000 5.65270 0.000254054 5.87611 0.0500000 1.73200 95.1500
888.000 5.74540 0.000252848 5.97248 0.0500000 1.73200 95.0000
889.000 5.78864 0.000251649 6.01742 0.0500000 1.73200 94.9000
890.000 5.83140 0.000250456 6.06187 0.0500000 1.73200 94.5800
891.000 5.92350 0.000249271 6.15761 0.0500000 1.73200 94.2500
892.000 5.98141 0.000248093 6.21781 0.0500000 1.73200 93.8000
893.000 6.00880 0.000246921 6.24628 0.0500000 1.73200 93.3500
894.000 6.03605 0.000245757 6.27461 0.0500000 1.73200 93.2000
895.000 6.09360 0.000244599 6.33442 0.0500000 1.73200 93.0500
896.000 6.18500 0.000243448 6.42943 0.0500000 1.73200 92.9300
897.000 6.22650 0.000242304 6.47257 0.0500000 1.73200 92.8500
898.000 6.26920 0.000241166 6.51696 0.0500000 1.73200 91.9800
899.000 6.36010 0.000240036 6.61145 0.0500000 1.73200 91.1000
900.000 6.40734 0.000238911 6.66055 0.0500000 1.73200 90.7300
901.000 6.45750 0.000237793 6.71270 0.0500000 1.73200 90.4000
902.000 6.56180 0.000236682 6.82111 0.0500000 1.73200 90.2000
903.000 6.63493 0.000235577 6.89713 0.0500000 1.73200 90.0500
904.000 6.67240 0.000234478 6.93608 0.0500000 1.73200 89.5500
905.000 6.70015 0.000233386 6.96493 0.0500000 1.73200 89.1000
906.000 6.76860 0.000232300 7.03608 0.0500000 1.73200 88.9000
907.000 6.89970 0.000231220 7.17236 0.0500000 1.73200 88.7000
908.000 6.98747 0.000230147 7.26359 0.0500000 1.73200 87.8000
909.000 7.03660 0.000229080 7.31466 0.0500000 1.73200 86.9500
910.000 7.08601 0.000228019 7.36602 0.0500000 1.73200 87.0300
911.000 7.18670 0.000226964 7.47069 0.0500000 1.73200 87.1000
912.000 7.35790 0.000225915 7.64865 0.0500000 1.73200 87.1500
913.000 7.48412 0.000224872 7.77985 0.0500000 1.73200 87.1500
914.000 7.56180 0.000223835 7.86061 0.0500000 1.73200 86.8000
915.000 7.63175 0.000222804 7.93331 0.0500000 1.73200 86.4500
916.000 7.79220 0.000221779 8.10011 0.0500000 1.73200 86.1800
917.000 8.08520 0.000220760 8.40468 0.0500000 1.73200 85.8500
918.000 8.28896 0.000219746 8.61649 0.0500000 1.73200 85.7300
919.000 8.40950 0.000218739 8.74179 0.0500000 1.73200 85.6000
920.000 8.53135 0.000217737 8.86845 0.0500000 1.73200 84.8000
921.000 8.80060 0.000216740 9.14834 0.0500000 1.73200 84.0000
922.000 9.26800 0.000215750 9.63420 0.0500000 1.73200 83.6800
923.000 9.58290 0.000214765 9.96153 0.0500000 1.73200 83.3500
924.000 9.81920 0.000213785 10.2072 0.0500000 1.73200 83.3500
925.000 10.1232 0.000212811 10.5232 0.0500000 1.73200 83.3500
926.000 10.4222 0.000211843 10.8340 0.0500000 1.73200 83.3300
927.000 10.6670 0.000210880 11.0884 0.0500000 1.73200 83.3000
928.000 11.1310 0.000209923 11.5708 0.0500000 1.73200 83.3800
929.000 11.9441 0.000208971 12.4160 0.0500000 1.73200 83.4000
930.000 12.4581 0.000208024 12.9503 0.0500000 1.73200 83.1300
931.000 12.8093 0.000207082 13.3154 0.0500000 1.73200 82.8500
932.000 13.2722 0.000206146 13.7965 0.0500000 1.73200 82.9000
933.000 13.7382 0.000205216 14.2810 0.0500000 1.73200 83.0000
934.000 14.1016 0.000204290 14.6587 0.0500000 1.73200 82.5500
935.000 14.6496 0.000203369 15.2284 0.0500000 1.73200 82.1000
936.000 15.5737 0.000202454 16.1890 0.0500000 1.73200 81.6000
937.000 16.3425 0.000201544 16.9881 0.0500000 1.73200 81.1500
938.000 16.8802 0.000200639 17.5471 0.0500000 1.73200 81.2000
939.000 17.3275 0.000199739 18.0121 0.0500000 1.73200 81.2500
940.000 18.1811 0.000198843 18.8994 0.0500000 1.73200 81.0000
941.000 19.6308 0.000197953 20.4063 0.0500000 1.73200 80.7000
942.000 20.4929 0.000197068 21.3025 0.0500000 1.73200 80.2000
943.000 21.0550 0.000196188 21.8868 0.0500000 1.73200 79.7500
944.000 21.8763 0.000195312 22.7405 0.0500000 1.73200 80.0300
945.000 22.8721 0.000194442 23.7756 0.0500000 1.73200 80.3000
946.000 23.8476 0.000193576 24.7896 0.0500000 1.73200 80.1000
947.000 24.6816 0.000192715 25.6566 0.0500000 1.73200 79.8500
948.000 25.4418 0.000191859 26.4468 0.0500000 1.73200 79.4000
949.000 27.0131 0.000191008 28.0802 0.0500000 1.73200 78.9000
950.000 29.7625 0.000190161 30.9382 0.0500000 1.73200 78.8800
951.000 31.5131 0.000189319 32.7580 0.0500000 1.73200 78.8000
952.000 32.7359 0.000188481 34.0291 0.0500000 1.73200 78.5300
953.000 34.3879 0.000187648 35.7463 0.0500000 1.73200 78.3000
954.000 36.2238 0.000186820 37.6547 0.0500000 1.73200 77.9300
955.000 37.8461 0.000185996 39.3412 0.0500000 1.73200 77.6000
956.000 39.3028 0.000185177 40.8554 0.0500000 1.73200 77.8500
957.000 40.6764 0.000184362 42.2832 0.0500000 1.73200 78.1500
958.000 41.8442 0.000183552 43.4971 0.0500000 1.73200 78.0300
959.000 42.7390 0.000182746 44.4272 0.0500000 1.73200 77.8500
960.000 43.8514 0.000181944 45.5836 0.0500000 1.73200 77.7000
961.000 45.3749 0.000181147 47.1673 0.0500000 1.73200 77.5000
962.000 46.0970 0.000180354 47.9179 0.0500000 1.73200 77.4500
963.000 46.3246 0.000179565 48.1545 0.0500000 1.73200 77.4000
964.000 46.6348 0.000178781 48.4770 0.0500000 1.73200 77.2300
965.000 47.0099 0.000178001 48.8669 0.0500000 1.73200 77.1000
966.000 47.3262 0.000177225 49.1957 0.0500000 1.73200 76.8800
967.000 47.5625 0.000176454 49.4413 0.0500000 1.73200 76.6500
968.000 47.7219 0.000175686 49.6070 0.0500000 1.73200 77.0800
969.000 47.8534 0.000174923 49.7437 0.0500000 1.73200 77.5000
970.000 47.9995 0.000174164 49.8956 0.0500000 1.73200 77.1300
971.000 48.1430 0.000173409 50.0447 0.0500000 1.73200 76.7500
972.000 48.2686 0.000172657 50.1753 0.0500000 1.73200 76.7300
973.000 48.4315 0.000171911 50.3446 0.0500000 1.73200 76.7000
974.000 48.6399 0.000171168 50.5613 0.0500000 1.73200 76.3000
975.000 48.6998 0.000170428 50.6235 0.0500000 1.73200 75.9000
976.000 48.6689 0.000169693 50.5914 0.0500000 1.73200 76.3500
977.000 48.6389 0.000168962 50.5602 0.0500000 1.73200 76.7500
978.000 48.5694 0.000168235 50.4880 0.0500000 1.73200 76.7500
979.000 48.4092 0.000167512 50.3215 0.0500000 1.73200 76.7000
980.000 48.2138 0.000166792 50.1183 0.0500000 1.73200 76.5500
981.000 48.0396 0.000166076 49.9373 0.0500000 1.73200 76.4000
982.000 47.8597 0.000165365 49.7502 0.0500000 1.73200 76.5300
983.000 47.6372 0.000164657 49.5190 0.0500000 1.73200 76.6500
984.000 47.3793 0.000163952 49.2509 0.0500000 1.73200 76.7500
985.000 47.0944 0.000163252 48.9548 0.0500000 1.73200 76.9000
986.000 46.7734 0.000162555 48.6210 0.0500000 1.73200 76.5300
987.000 46.4093 0.000161862 48.2425 0.0500000 1.73200 76.1500
988.000 46.0428 0.000161172 47.8616 0.0500000 1.73200 76.4300
989.000 45.7021 0.000160487 47.5075 0.0500000 1.73200 76.7000
990.000 45.3151 0.000159804 47.1051 0.0500000 1.73200 76.5800
991.000 44.8213 0.000159126 46.5918 0.0500000 1.73200 76.4500
992.000 44.3370 0.000158451 46.0884 0.0500000 1.73200 76.1800
993.000 43.9707 0.000157779 45.7076 0.0500000 1.73200 75.8500
994.000 43.6157 0.000157111 45.3386 0.0500000 1.73200 75.8300
995.000 43.1562 0.000156447 44.8610 0.0500000 1.73200 75.7500
996.000 42.6449 0.000155786 44.3295 0.0500000 1.73200 75.3300
997.000 42.1513 0.000155128 43.8164 0.0500000 1.73200 74.9000
998.000 41.6780 0.000154474 43.3244 0.0500000 1.73200 74.8000
999.000 41.2102 0.000153824 42.8380 0.0500000 1.73200 74.7000
1000.00 40.7150 0.000153176 42.3233 0.0500000 1.73200 74.9000
1001.00 40.1700 0.000152533 41.7568 0.0500000 1.73200 74.7000
1002.00 39.6305 0.000151892 41.1960 0.0500000 1.73200 74.6000
1003.00 39.1477 0.000151255 40.6941 0.0500000 1.73200 74.5000
1004.00 38.6754 0.000150621 40.2032 0.0500000 1.73200 74.3000
1005.00 38.1591 0.000149991 39.6665 0.0500000 1.73200 74.2000
1006.00 37.5992 0.000149363 39.0844 0.0500000 1.73200 74.1000
1007.00 37.0061 0.000148739 38.4679 0.0500000 1.73200 74.0000
1008.00 36.4026 0.000148119 37.8406 0.0500000 1.73200 73.9000
1009.00 35.8069 0.000147501 37.2214 0.0500000 1.73200 73.8000
1010.00 35.2107 0.000146887 36.6016 0.0500000 1.73200 73.7000
1011.00 34.6071 0.000146275 35.9742 0.0500000 1.73200 73.5000
1012.00 34.0236 0.000145667 35.3676 0.0500000 1.73200 73.3000
1013.00 33.4855 0.000145063 34.8083 0.0500000 1.73200 73.1000
1014.00 32.9650 0.000144461 34.2672 0.0500000 1.73200 72.9000
1015.00 32.4343 0.000143862 33.7156 0.0500000 1.73200 72.7000
1016.00 31.9107 0.000143266 33.1712 0.0500000 1.73200 72.5000
1017.00 31.4059 0.000142674 32.6465 0.0500000 1.73200 72.4000
1018.00 30.8604 0.000142084 32.0795 0.0500000 1.73200 72.2000
1019.00 30.2225 0.000141498 31.4163 0.0500000 1.73200 72.0000
1020.00 29.5679 0.000140914 30.7359 0.0500000 1.73200 71.9000
1021.00 28.9736 0.000140334 30.1181 0.0500000 1.73200 71.7000
1022.00 28.4034 0.000139756 29.5254 0.0500000 1.73200 71.6000
1023.00 27.8154 0.000139182 28.9142 0.0500000 1.73200 71.5000
1024.00 27.2435 0.000138610 28.3197 0.0500000 1.73200 71.4000
1025.00 26.7229 0.000138041 27.7786 0.0500000 1.73200 71.3000
1026.00 26.2106 0.000137476 27.2460 0.0500000 1.73200 71.2000
1027.00 25.6570 0.000136913 26.6705 0.0500000 1.73200 71.1000
1028.00 25.0594 0.000136353 26.0493 0.0500000 1.73200 70.9000
1029.00 24.4408 0.000135795 25.4063 0.0500000 1.73200 70.8000
1030.00 23.9127 0.000135241 24.8573 0.0500000 1.73200 70.7000
1031.00 23.5719 0.000134689 24.5030 0.0500000 1.73200 70.6000
1032.00 23.3133 0.000134141 24.2342 0.0500000 1.73200 70.5000
1033.00 22.9917 0.000133595 23.8999 0.0500000 1.73200 70.4000
1034.00 22.5082 0.000133051 23.3973 0.0500000 1.73200 70.3000
1035.00 21.9760 0.000132511 22.8441 0.0500000 1.73200 70.2000
1036.00 21.5148 0.000131973 22.3647 0.0500000 1.73200 70.0000
1037.00 21.0853 0.000131438 21.9182 0.0500000 1.73200 69.9000
1038.00 20.6353 0.000130905 21.4504 0.0500000 1.73200 69.7000
1039.00 20.1981 0.000130376 20.9960 0.0500000 1.73200 69.5000
1040.00 19.8110 0.000129848 20.5936 0.0500000 1.73200 69.4000
1041.00 19.4350 0.000129324 20.2027 0.0500000 1.73200 69.2000
1042.00 19.0366 0.000128802 19.7886 0.0500000 1.73200 68.9000
1043.00 18.6749 0.000128283 19.4126 0.0500000 1.73200 68.7000
1044.00 18.4080 0.000127766 19.1351 0.0500000 1.73200 68.5000
1045.00 18.1776 0.000127252 18.8957 0.0500000 1.73200 68.2000
1046.00 17.9005 0.000126741 18.6076 0.0500000 1.73200 67.9000
1047.00 17.5243 0.000126232 18.2166 0.0500000 1.73200 67.6000
1048.00 17.1469 0.000125726 17.8243 0.0500000 1.73200 67.3000
1049.00 16.8668 0.000125222 17.5331 0.0500000 1.73200 67.0000
1050.00 16.6355 0.000124721 17.2927 0.0500000 1.73200 66.7000
1051.00 16.3901 0.000124222 17.0375 0.0500000 1.73200 66.4000
1052.00 16.1260 0.000123725 16.7630 0.0500000 1.73200 66.2000
1053.00 15.8560 0.000123231 16.4823 0.0500000 1.73200 65.9000
1054.00 15.6185 0.000122740 16.2355 0.0500000 1.73200 65.7000
1055.00 15.4489 0.000122251 16.0592 0.0500000 1.73200 65.6000
1056.00 15.3248 0.000121764 15.9302 0.0500000 1.73200 65.4000
1057.00 15.2176 0.000121280 15.8188 0.0500000 1.73200 65.2000
1058.00 15.1025 0.000120798 15.6991 0.0500000 1.73200 65.1000
1059.00 14.9515 0.000120319 15.5421 0.0500000 1.73200 65.0000
1060.00 14.7505 0.000119842 15.3332 0.0500000 1.73200 64.9000
1061.00 14.5680 0.000119367 15.1435 0.0500000 1.73200 64.7000
1062.00 14.4704 0.000118895 15.0420 0.0500000 1.73200 64.6000
1063.00 14.4224 0.000118425 14.9921 0.0500000 1.73200 64.5000
1064.00 14.3792 0.000117957 14.9472 0.0500000 1.73200 64.4000
1065.00 14.3285 0.000117491 14.8946 0.0500000 1.73200 64.3000
1066.00 14.2639 0.000117028 14.8274 0.0500000 1.73200 64.2000
1067.00 14.1840 0.000116567 14.7444 0.0500000 1.73200 64.1000
1068.00 14.1195 0.000116109 14.6773 0.0500000 1.73200 64.0000
1069.00 14.0978 0.000115652 14.6547 0.0500000 1.73200 63.9000
1070.00 14.0931 0.000115198 14.6498 0.0500000 1.73200 63.8000
1071.00 14.0777 0.000114746 14.6338 0.0500000 1.73200 63.7000
1072.00 14.0591 0.000114296 14.6145 0.0500000 1.73200 63.6000
1073.00 14.0537 0.000113849 14.6089 0.0500000 1.73200 63.5000
1074.00 14.0781 0.000113403 14.6343 0.0500000 1.73200 63.4000
1075.00 14.1445 0.000112960 14.7033 0.0500000 1.73200 63.3000
1076.00 14.2551 0.000112519 14.8182 0.0500000 1.73200 63.2000
1077.00 14.3516 0.000112080 14.9185 0.0500000 1.73200 63.1000
1078.00 14.3815 0.000111643 14.9496 0.0500000 1.73200 63.0000
1079.00 14.3863 0.000111208 14.9546 0.0500000 1.73200 62.9000
1080.00 14.4281 0.000110776 14.9981 0.0500000 1.73200 62.8000
1081.00 14.5562 0.000110345 15.1312 0.0500000 1.73200 62.7000
1082.00 14.7498 0.000109917 15.3325 0.0500000 1.73200 62.6000
1083.00 14.9764 0.000109490 15.5680 0.0500000 1.73200 62.5000
1084.00 15.1863 0.000109066 15.7862 0.0500000 1.73200 62.4000
1085.00 15.3399 0.000108644 15.9459 0.0500000 1.73200 62.3000
1086.00 15.4660 0.000108223 16.0769 0.0500000 1.73200 62.1000
1087.00 15.6068 0.000107805 16.2233 0.0500000 1.73200 62.0000
1088.00 15.7972 0.000107389 16.4213 0.0500000 1.73200 61.9000
1089.00 16.0397 0.000106974 16.6733 0.0500000 1.73200 61.8000
1090.00 16.3236 0.000106562 16.9685 0.0500000 1.73200 61.7000
1091.00 16.5862 0.000106152 17.2414 0.0500000 1.73200 61.6000
1092.00 16.7728 0.000105744 17.4354 0.0500000 1.73200 61.5000
1093.00 16.9274 0.000105337 17.5961 0.0500000 1.73200 61.4000
1094.00 17.1151 0.000104933 17.7912 0.0500000 1.73200 61.2000
1095.00 17.3925 0.000104530 18.0796 0.0500000 1.73200 61.1000
1096.00 17.7718 0.000104130 18.4738 0.0500000 1.73200 61.0000
1097.00 18.2386 0.000103731 18.9591 0.0500000 1.73200 60.9000
1098.00 18.6550 0.000103334 19.3919 0.0500000 1.73200 60.8000
1099.00 18.8982 0.000102939 19.6447 0.0500000 1.73200 60.7000
1100.00 19.0631 0.000102546 19.8162 0.0500000 1.73200 60.5000
1101.00 19.2890 0.000102155 20.0510 0.0500000 1.73200 60.4000
1102.00 19.6649 0.000101766 20.4417 0.0500000 1.73200 60.3000
1103.00 20.0515 0.000101378 20.8436 0.0500000 1.73200 60.2000
1104.00 20.3084 0.000100993 21.1107 0.0500000 1.73200 60.1000
1105.00 20.5133 0.000100609 21.3237 0.0500000 1.73200 60.0000
1106.00 20.7925 0.000100227 21.6139 0.0500000 1.73200 59.9000
1107.00 21.2253 9.98465e-05 22.0637 0.0500000 1.73200 59.7000
1108.00 21.6622 9.94680e-05 22.5179 0.0500000 1.73200 59.6000
1109.00 21.9556 9.90915e-05 22.8229 0.0500000 1.73200 59.5000
1110.00 22.1917 9.87164e-05 23.0683 0.0500000 1.73200 59.4000
1111.00 22.5086 9.83434e-05 23.3977 0.0500000 1.73200 59.3000
1112.00 22.9800 9.79720e-05 23.8877 0.0500000 1.73200 59.2000
1113.00 23.3714 9.76024e-05 24.2946 0.0500000 1.73200 59.0000
1114.00 23.4603 9.72346e-05 24.3870 0.0500000 1.73200 58.9000
1115.00 23.4259 9.68684e-05 24.3513 0.0500000 1.73200 58.8000
1116.00 23.5338 9.65039e-05 24.4634 0.0500000 1.73200 58.7000
1117.00 23.9665 9.61412e-05 24.9132 0.0500000 1.73200 58.6000
1118.00 24.5033 9.57801e-05 25.4712 0.0500000 1.73200 58.4000
1119.00 24.9157 9.54207e-05 25.9000 0.0500000 1.73200 58.3000
1120.00 25.2889 9.50630e-05 26.2879 0.0500000 1.73200 58.2000
1121.00 25.7829 9.47069e-05 26.8014 0.0500000 1.73200 58.1000
1122.00 26.4945 9.43525e-05 27.5411 0.0500000 1.73200 58.0000
1123.00 27.1917 9.39998e-05 28.2658 0.0500000 1.73200 57.9000
1124.00 27.6631 9.36486e-05 28.7558 0.0500000 1.73200 57.7000
1125.00 28.1235 9.32992e-05 29.2344 0.0500000 1.73200 57.6000
1126.00 28.9049 9.29514e-05 30.0467 0.0500000 1.73200 57.5000
1127.00 30.2251 9.26051e-05 31.4191 0.0500000 1.73200 57.4000
1128.00 31.6387 9.22604e-05 32.8885 0.0500000 1.73200 57.3000
1129.00 32.7258 9.19174e-05 34.0185 0.0500000 1.73200 57.2000
1130.00 33.7909 9.15759e-05 35.1257 0.0500000 1.73200 57.0000
1131.00 35.3325 9.12360e-05 36.7282 0.0500000 1.73200 56.9000
1132.00 37.7032 9.08978e-05 39.1926 0.0500000 1.73200 56.8000
1133.00 40.3721 9.05610e-05 41.9668 0.0500000 1.73200 56.7000
1134.00 42.7814 9.02258e-05 44.4713 0.0500000 1.73200 56.6000
1135.00 44.9791 8.98920e-05 46.7558 0.0500000 1.73200 56.5000
1136.00 47.1239 8.95598e-05 48.9853 0.0500000 1.73200 56.3000
1137.00 49.3891 8.92293e-05 51.3401 0.0500000 1.73200 56.2000
1138.00 52.0970 8.89001e-05 54.1549 0.0500000 1.73200 56.1000
1139.00 55.7157 8.85725e-05 57.9165 0.0500000 1.73200 56.0000
1140.00 60.5034 8.82465e-05 62.8933 0.0500000 1.73200 55.9000
1141.00 65.1997 8.79218e-05 67.7751 0.0500000 1.73200 55.8000
1142.00 68.6359 8.75987e-05 71.3471 0.0500000 1.73200 55.6000
1143.00 71.6076 8.72770e-05 74.4361 0.0500000 1.73200 55.5000
1144.00 75.3543 8.69568e-05 78.3308 0.0500000 1.73200 55.4000
1145.00 80.6511 8.66382e-05 83.8368 0.0500000 1.73200 55.3000
1146.00 85.9689 8.63208e-05 89.3647 0.0500000 1.73200 55.2000
1147.00 89.7298 8.60050e-05 93.2742 0.0500000 1.73200 55.1000
1148.00 92.4373 8.56907e-05 96.0887 0.0500000 1.73200 54.9000
1149.00 94.9313 8.53778e-05 98.6811 0.0500000 1.73200 54.8000
1150.00 97.7980 8.50661e-05 101.661 0.0500000 1.73200 54.7000
